Date,Open,Close
2009-01-02,16.333332061767578,16.47333335876465
2009-01-05,16.399999618530273,16.65333366394043
2009-01-06,16.67333221435547,16.246667861938477
2009-01-07,16.139999389648438,16.19333267211914
2009-01-08,16.1200008392334,16.246667861938477
2009-01-09,16.106666564941406,16.02666664123535
2009-01-12,16.133333206176758,16.15333366394043
2009-01-13,16.166667938232422,16.1200008392334
2009-01-14,15.90666675567627,16.02666664123535
2009-01-15,15.966667175292969,16.020000457763672
2009-01-16,16.19333267211914,16.5
2009-01-20,16.3799991607666,15.979999542236328
2009-01-21,16.133333206176758,16.373332977294922
2009-01-22,16.079999923706055,16.233333587646484
2009-01-23,16.01333236694336,16.219999313354492
2009-01-26,16.17333221435547,16.520000457763672
2009-01-27,16.593332290649414,16.69333267211914
2009-01-28,17.260000228881836,16.746667861938477
2009-01-29,16.700000762939453,17.040000915527344
2009-01-30,16.979999542236328,16.913333892822266
2009-02-02,16.666667938232422,17.31999969482422
2009-02-03,17.433332443237305,17.399999618530273
2009-02-04,17.420000076293945,17.47333335876465
2009-02-05,17.333332061767578,17.68000030517578
2009-02-06,17.600000381469727,17.940000534057617
2009-02-09,17.940000534057617,18.15333366394043
2009-02-10,17.906667709350586,17.65999984741211
2009-02-11,17.773332595825195,17.399999618530273
2009-02-12,17.360000610351562,17.50666618347168
2009-02-13,17.49333381652832,17.34000015258789
2009-02-17,15.813332557678223,16.833332061767578
2009-02-18,16.913333892822266,16.546667098999023
2009-02-19,16.553333282470703,16.666667938232422
2009-02-20,16.5,16.333332061767578
2009-02-23,16.406667709350586,15.899999618530273
2009-02-24,15.979999542236328,16.059999465942383
2009-02-25,16.03333282470703,16.133333206176758
2009-02-26,16.32666778564453,16.246667861938477
2009-02-27,16.086666107177734,15.993332862854004
2009-03-02,15.793333053588867,15.5
2009-03-03,15.673333168029785,15.100000381469727
2009-03-04,15.273332595825195,15.426667213439941
2009-03-05,15.166666984558105,14.5600004196167
2009-03-06,14.666666984558105,14.513333320617676
2009-03-09,14.433333396911621,14.206666946411133
2009-03-10,14.446666717529297,14.65999984741211
2009-03-11,14.75333309173584,14.686667442321777
2009-03-12,14.75333309173584,14.886667251586914
2009-03-13,14.946666717529297,15.173333168029785
2009-03-16,15.25333309173584,15.0600004196167
2009-03-17,15.09333324432373,15.373332977294922
2009-03-18,15.386667251586914,15.380000114440918
2009-03-19,15.5600004196167,15.613332748413086
2009-03-20,15.640000343322754,15.273332595825195
2009-03-23,15.526666641235352,15.733332633972168
2009-03-24,15.58666706085205,15.613332748413086
2009-03-25,15.606666564941406,15.733332633972168
2009-03-26,15.826666831970215,15.853333473205566
2009-03-27,15.733332633972168,15.573332786560059
2009-03-30,15.333333015441895,15.800000190734863
2009-03-31,15.75333309173584,15.739999771118164
2009-04-01,15.566666603088379,15.65999984741211
2009-04-02,15.886667251586914,15.666666984558105
2009-04-03,15.619999885559082,15.486666679382324
2009-04-06,15.353333473205566,15.34000015258789
2009-04-07,15.19333267211914,15.153332710266113
2009-04-08,15.25333309173584,15.373332977294922
2009-04-09,15.613332748413086,15.353333473205566
2009-04-13,15.333333015441895,15.286666870117188
2009-04-14,15.166666984558105,15.106666564941406
2009-04-15,15.066666603088379,15.199999809265137
2009-04-16,15.366666793823242,15.373332977294922
2009-04-17,15.41333293914795,15.313332557678223
2009-04-20,15.106666564941406,15.266667366027832
2009-04-21,15.333333015441895,15.24666690826416
2009-04-22,15.199999809265137,15.213333129882812
2009-04-23,15.273332595825195,15.113332748413086
2009-04-24,15.186667442321777,15.026666641235352
2009-04-27,14.886667251586914,15.233332633972168
2009-04-28,15.226667404174805,15.266667366027832
2009-04-29,15.319999694824219,15.333333015441895
2009-04-30,15.566666603088379,15.293333053588867
2009-05-01,15.153332710266113,15.75333309173584
2009-05-04,15.75333309173584,15.979999542236328
2009-05-05,15.986666679382324,15.460000038146973
2009-05-06,15.619999885559082,15.41333293914795
2009-05-07,15.5,15.346667289733887
2009-05-08,15.479999542236328,15.30666732788086
2009-05-11,15.15999984741211,15.319999694824219
2009-05-12,15.386667251586914,15.239999771118164
2009-05-13,15.106666564941406,15.033332824707031
2009-05-14,15.140000343322754,15.079999923706055
2009-05-15,15.006667137145996,14.739999771118164
2009-05-18,14.846667289733887,15.08666706085205
2009-05-19,15.133333206176758,15.420000076293945
2009-05-20,15.513333320617676,15.633333206176758
2009-05-21,15.513333320617676,15.633333206176758
2009-05-22,15.680000305175781,15.493332862854004
2009-05-26,15.520000457763672,15.986666679382324
2009-05-27,15.986666679382324,15.813332557678223
2009-05-28,15.90666675567627,16.17333221435547
2009-05-29,16.139999389648438,16.073333740234375
2009-06-01,16.31333351135254,16.52666664123535
2009-06-02,16.51333236694336,16.6200008392334
2009-06-03,16.52666664123535,16.5
2009-06-04,16.546667098999023,16.633333206176758
2009-06-05,16.760000228881836,16.799999237060547
2009-06-08,16.726667404174805,16.893333435058594
2009-06-09,16.899999618530273,16.65999984741211
2009-06-10,16.69333267211914,16.64666748046875
2009-06-11,16.706666946411133,16.799999237060547
2009-06-12,16.773332595825195,16.96666717529297
2009-06-15,16.80666732788086,16.713333129882812
2009-06-16,16.84000015258789,16.68666648864746
2009-06-17,16.639999389648438,16.84666633605957
2009-06-18,16.85333251953125,17.01333236694336
2009-06-19,17.14666748046875,16.873332977294922
2009-06-22,16.753332138061523,16.946666717529297
2009-06-23,16.953332901000977,16.666667938232422
2009-06-24,16.780000686645508,16.706666946411133
2009-06-25,16.68666648864746,16.933332443237305
2009-06-26,16.920000076293945,17.086666107177734
2009-06-29,17.046667098999023,17.299999237060547
2009-06-30,17.273332595825195,16.99333381652832
2009-07-01,17.073333740234375,17.166667938232422
2009-07-02,16.979999542236328,16.82666778564453
2009-07-06,16.84666633605957,17.1200008392334
2009-07-07,17.139999389648438,16.786666870117188
2009-07-08,16.860000610351562,16.733333587646484
2009-07-09,16.773332595825195,16.793333053588867
2009-07-10,16.753332138061523,16.666667938232422
2009-07-13,16.753332138061523,16.780000686645508
2009-07-14,16.726667404174805,16.799999237060547
2009-07-15,16.99333381652832,17.040000915527344
2009-07-16,17.053333282470703,17.17333221435547
2009-07-17,17.126667022705078,17.15999984741211
2009-07-20,17.31333351135254,17.106666564941406
2009-07-21,17.239999771118164,17.226667404174805
2009-07-22,17.113332748413086,17.18666648864746
2009-07-23,17.18666648864746,17.593332290649414
2009-07-24,17.593332290649414,17.920000076293945
2009-07-27,17.940000534057617,17.82666778564453
2009-07-28,17.81333351135254,17.833332061767578
2009-07-29,17.82666778564453,17.85333251953125
2009-07-30,17.926666259765625,17.773332595825195
2009-07-31,17.773332595825195,17.626667022705078
2009-08-03,17.933332443237305,17.793333053588867
2009-08-04,17.68666648864746,17.553333282470703
2009-08-05,17.520000457763672,17.399999618530273
2009-08-06,17.333332061767578,17.453332901000977
2009-08-07,17.49333381652832,17.700000762939453
2009-08-10,17.559999465942383,17.81999969482422
2009-08-11,17.766666412353516,17.586666107177734
2009-08-12,17.606666564941406,17.700000762939453
2009-08-13,17.706666946411133,17.67333221435547
2009-08-14,17.67333221435547,17.546667098999023
2009-08-17,17.366666793823242,17.440000534057617
2009-08-18,17.446666717529297,17.366666793823242
2009-08-19,17.239999771118164,17.459999084472656
2009-08-20,17.433332443237305,17.613332748413086
2009-08-21,17.67333221435547,17.81999969482422
2009-08-24,17.793333053588867,17.82666778564453
2009-08-25,17.82666778564453,17.780000686645508
2009-08-26,17.739999771118164,17.593332290649414
2009-08-27,17.613332748413086,17.459999084472656
2009-08-28,17.52666664123535,17.273332595825195
2009-08-31,17.18000030517578,17.00666618347168
2009-09-01,16.85333251953125,16.84000015258789
2009-09-02,16.866666793823242,16.98666763305664
2009-09-03,17.00666618347168,17.100000381469727
2009-09-04,17.053333282470703,17.03333282470703
2009-09-08,17.053333282470703,17.280000686645508
2009-09-09,17.273332595825195,17.17333221435547
2009-09-10,17.14666748046875,17.293333053588867
2009-09-11,17.233333587646484,17.0
2009-09-14,16.920000076293945,17.079999923706055
2009-09-15,17.15333366394043,17.46666717529297
2009-09-16,17.5,17.393333435058594
2009-09-17,17.413333892822266,17.34666633605957
2009-09-18,17.293333053588867,17.18666648864746
2009-09-21,17.073333740234375,17.093332290649414
2009-09-22,17.14666748046875,17.02666664123535
2009-09-23,17.03333282470703,16.81333351135254
2009-09-24,16.799999237060547,16.786666870117188
2009-09-25,16.833332061767578,16.739999771118164
2009-09-28,16.81333351135254,16.81333351135254
2009-09-29,16.866666793823242,16.926666259765625
2009-09-30,16.893333435058594,16.706666946411133
2009-10-01,16.760000228881836,16.593332290649414
2009-10-02,16.51333236694336,16.333332061767578
2009-10-05,16.333332061767578,16.579999923706055
2009-10-06,16.68000030517578,16.553333282470703
2009-10-07,16.5,16.406667709350586
2009-10-08,16.413333892822266,16.446666717529297
2009-10-09,16.393333435058594,16.540000915527344
2009-10-12,16.6200008392334,16.586666107177734
2009-10-13,16.613332748413086,16.420000076293945
2009-10-14,16.5,16.46666717529297
2009-10-15,16.440000534057617,16.6200008392334
2009-10-16,16.559999465942383,16.479999542236328
2009-10-19,16.47333335876465,16.899999618530273
2009-10-20,16.873332977294922,16.8799991607666
2009-10-21,16.82666778564453,16.84000015258789
2009-10-22,16.780000686645508,16.959999084472656
2009-10-23,16.946666717529297,16.80666732788086
2009-10-26,16.760000228881836,16.559999465942383
2009-10-27,16.586666107177734,16.52666664123535
2009-10-28,16.600000381469727,16.226667404174805
2009-10-29,16.19333267211914,16.253332138061523
2009-10-30,16.213333129882812,15.920000076293945
2009-11-02,15.986666679382324,15.873332977294922
2009-11-03,15.779999732971191,15.893333435058594
2009-11-04,15.966667175292969,15.953332901000977
2009-11-05,16.040000915527344,16.239999771118164
2009-11-06,16.133333206176758,16.093332290649414
2009-11-09,16.139999389648438,16.366666793823242
2009-11-10,16.266666412353516,16.046667098999023
2009-11-11,16.106666564941406,16.133333206176758
2009-11-12,16.053333282470703,15.75333309173584
2009-11-13,15.74666690826416,15.760000228881836
2009-11-16,15.800000190734863,15.966667175292969
2009-11-17,15.986666679382324,16.15999984741211
2009-11-18,16.166667938232422,15.946666717529297
2009-11-19,15.833333015441895,15.699999809265137
2009-11-20,15.626667022705078,15.573332786560059
2009-11-23,15.733332633972168,15.686667442321777
2009-11-24,15.686667442321777,15.713333129882812
2009-11-25,15.773332595825195,15.926667213439941
2009-11-27,15.520000457763672,15.686667442321777
2009-11-30,15.673333168029785,15.653332710266113
2009-12-01,15.779999732971191,15.760000228881836
2009-12-02,15.766667366027832,15.720000267028809
2009-12-03,15.720000267028809,15.633333206176758
2009-12-04,15.84000015258789,15.726667404174805
2009-12-07,15.74666690826416,15.899999618530273
2009-12-08,15.84000015258789,15.926667213439941
2009-12-09,15.960000038146973,15.833333015441895
2009-12-10,15.9399995803833,16.020000457763672
2009-12-11,15.960000038146973,16.219999313354492
2009-12-14,16.520000457763672,16.373332977294922
2009-12-15,16.360000610351562,16.50666618347168
2009-12-16,16.633333206176758,16.65999984741211
2009-12-17,16.606666564941406,16.440000534057617
2009-12-18,16.46666717529297,16.333332061767578
2009-12-21,16.459999084472656,16.386667251586914
2009-12-22,16.413333892822266,16.360000610351562
2009-12-23,16.31999969482422,16.579999923706055
2009-12-24,16.65333366394043,16.700000762939453
2009-12-28,16.713333129882812,16.540000915527344
2009-12-29,16.586666107177734,16.540000915527344
2009-12-30,16.546667098999023,16.446666717529297
2009-12-31,16.440000534057617,16.126667022705078
2010-01-04,16.19333267211914,16.399999618530273
2010-01-05,16.373332977294922,16.200000762939453
2010-01-06,16.266666412353516,16.226667404174805
2010-01-07,16.206666946411133,16.066667556762695
2010-01-08,16.066667556762695,16.00666618347168
2010-01-11,16.100000381469727,16.00666618347168
2010-01-12,15.9399995803833,16.18000030517578
2010-01-13,16.166667938232422,16.19333267211914
2010-01-14,16.1200008392334,16.233333587646484
2010-01-15,16.19333267211914,16.166667938232422
2010-01-19,16.213333129882812,16.386667251586914
2010-01-20,16.253332138061523,16.360000610351562
2010-01-21,16.780000686645508,16.766666412353516
2010-01-22,16.81333351135254,16.666667938232422
2010-01-25,16.80666732788086,16.799999237060547
2010-01-26,16.81999969482422,16.713333129882812
2010-01-27,16.553333282470703,16.50666618347168
2010-01-28,16.573333740234375,16.67333221435547
2010-01-29,16.68666648864746,16.34000015258789
2010-02-01,16.420000076293945,16.34666633605957
2010-02-02,16.399999618530273,16.53333282470703
2010-02-03,16.5,16.35333251953125
2010-02-04,16.30666732788086,16.30666732788086
2010-02-05,16.299999237060547,16.46666717529297
2010-02-08,16.399999618530273,16.15333366394043
2010-02-09,16.273332595825195,16.166667938232422
2010-02-10,16.166667938232422,16.14666748046875
2010-02-11,16.166667938232422,16.293333053588867
2010-02-12,16.200000762939453,16.413333892822266
2010-02-16,16.53333282470703,16.746667861938477
2010-02-17,16.833332061767578,16.899999618530273
2010-02-18,16.933332443237305,16.82666778564453
2010-02-19,16.84666633605957,16.97333335876465
2010-02-22,17.059999465942383,16.913333892822266
2010-02-23,16.84000015258789,16.713333129882812
2010-02-24,16.713333129882812,16.739999771118164
2010-02-25,16.593332290649414,16.780000686645508
2010-02-26,16.833332061767578,16.700000762939453
2010-03-01,16.766666412353516,16.793333053588867
2010-03-02,16.793333053588867,16.700000762939453
2010-03-03,16.773332595825195,16.600000381469727
2010-03-04,16.566667556762695,16.593332290649414
2010-03-05,16.65333366394043,16.69333267211914
2010-03-08,16.733333587646484,16.773332595825195
2010-03-09,16.69333267211914,16.780000686645508
2010-03-10,16.793333053588867,16.84000015258789
2010-03-11,16.739999771118164,16.953332901000977
2010-03-12,16.96666717529297,16.979999542236328
2010-03-15,16.913333892822266,16.780000686645508
2010-03-16,16.82666778564453,17.093332290649414
2010-03-17,17.106666564941406,17.219999313354492
2010-03-18,17.18000030517578,17.479999542236328
2010-03-19,17.68000030517578,17.68000030517578
2010-03-22,17.68000030517578,17.553333282470703
2010-03-23,17.546667098999023,17.600000381469727
2010-03-24,17.53333282470703,17.51333236694336
2010-03-25,17.600000381469727,17.226667404174805
2010-03-26,17.226667404174805,17.386667251586914
2010-03-29,17.49333381652832,17.65999984741211
2010-03-30,17.68666648864746,17.773332595825195
2010-03-31,17.713333129882812,17.69333267211914
2010-04-01,17.82666778564453,17.81333351135254
2010-04-05,17.80666732788086,17.85333251953125
2010-04-06,17.766666412353516,17.873332977294922
2010-04-07,17.80666732788086,17.920000076293945
2010-04-08,17.84666633605957,17.600000381469727
2010-04-09,17.65333366394043,17.893333435058594
2010-04-12,17.933332443237305,17.726667404174805
2010-04-13,17.760000228881836,17.593332290649414
2010-04-14,17.613332748413086,17.600000381469727
2010-04-15,17.593332290649414,18.059999465942383
2010-04-16,17.979999542236328,17.933332443237305
2010-04-19,17.886667251586914,17.920000076293945
2010-04-20,18.00666618347168,18.086666107177734
2010-04-21,18.01333236694336,18.046667098999023
2010-04-22,17.940000534057617,18.1200008392334
2010-04-23,18.166667938232422,18.15999984741211
2010-04-26,18.126667022705078,18.15333366394043
2010-04-27,18.02666664123535,18.059999465942383
2010-04-28,18.020000457763672,18.226667404174805
2010-04-29,18.32666778564453,18.293333053588867
2010-04-30,18.34666633605957,18.32666778564453
2010-05-03,18.333332061767578,18.50666618347168
2010-05-04,18.333332061767578,18.093332290649414
2010-05-05,17.99333381652832,17.946666717529297
2010-05-06,17.860000610351562,17.579999923706055
2010-05-07,17.613332748413086,17.64666748046875
2010-05-10,18.50666618347168,18.093332290649414
2010-05-11,17.926666259765625,18.093332290649414
2010-05-12,18.166667938232422,18.113332748413086
2010-05-13,18.046667098999023,18.18666648864746
2010-05-14,18.113332748413086,17.906667709350586
2010-05-17,18.0,17.933332443237305
2010-05-18,18.03333282470703,17.566667556762695
2010-05-19,17.540000915527344,17.433332443237305
2010-05-20,17.166667938232422,16.833332061767578
2010-05-21,16.726667404174805,16.926666259765625
2010-05-24,16.81333351135254,16.793333053588867
2010-05-25,16.50666618347168,16.633333206176758
2010-05-26,16.666667938232422,16.64666748046875
2010-05-27,16.926666259765625,17.113332748413086
2010-05-28,17.053333282470703,17.426666259765625
2010-06-01,17.299999237060547,16.920000076293945
2010-06-02,17.020000457763672,17.286666870117188
2010-06-03,17.219999313354492,17.420000076293945
2010-06-04,17.213333129882812,17.00666618347168
2010-06-07,17.0,16.906667709350586
2010-06-08,16.8799991607666,17.239999771118164
2010-06-09,17.273332595825195,17.34000015258789
2010-06-10,17.593332290649414,17.49333381652832
2010-06-11,17.253332138061523,17.426666259765625
2010-06-14,17.50666618347168,17.299999237060547
2010-06-15,17.386667251586914,17.64666748046875
2010-06-16,17.573333740234375,17.739999771118164
2010-06-17,17.739999771118164,17.739999771118164
2010-06-18,17.739999771118164,17.666667938232422
2010-06-21,17.793333053588867,18.02666664123535
2010-06-22,18.0,17.81999969482422
2010-06-23,17.85333251953125,17.553333282470703
2010-06-24,17.459999084472656,17.393333435058594
2010-06-25,17.393333435058594,17.52666664123535
2010-06-28,17.593332290649414,17.733333587646484
2010-06-29,17.53333282470703,17.079999923706055
2010-06-30,17.093332290649414,16.959999084472656
2010-07-01,17.00666618347168,16.860000610351562
2010-07-02,16.893333435058594,16.833332061767578
2010-07-06,16.97333335876465,17.133333206176758
2010-07-07,17.18666648864746,17.600000381469727
2010-07-08,17.69333267211914,17.81333351135254
2010-07-09,17.786666870117188,17.899999618530273
2010-07-12,17.8799991607666,17.99333381652832
2010-07-13,18.133333206176758,18.206666946411133
2010-07-14,18.200000762939453,18.260000228881836
2010-07-15,18.299999237060547,18.206666946411133
2010-07-16,18.14666748046875,17.726667404174805
2010-07-19,17.81333351135254,17.760000228881836
2010-07-20,17.52666664123535,17.866666793823242
2010-07-21,17.959999084472656,17.706666946411133
2010-07-22,17.913333892822266,18.18000030517578
2010-07-23,18.166667938232422,18.67333221435547
2010-07-26,18.733333587646484,18.873332977294922
2010-07-27,18.959999084472656,19.02666664123535
2010-07-28,18.85333251953125,18.213333129882812
2010-07-29,18.280000686645508,18.01333236694336
2010-07-30,17.899999618530273,17.97333335876465
2010-08-02,18.15333366394043,18.100000381469727
2010-08-03,18.02666664123535,17.959999084472656
2010-08-04,18.040000915527344,18.126667022705078
2010-08-05,18.059999465942383,18.166667938232422
2010-08-06,17.940000534057617,17.953332901000977
2010-08-09,18.066667556762695,18.266666412353516
2010-08-10,18.14666748046875,18.213333129882812
2010-08-11,18.059999465942383,17.913333892822266
2010-08-12,17.713333129882812,17.726667404174805
2010-08-13,17.65999984741211,17.920000076293945
2010-08-16,17.866666793823242,18.0
2010-08-17,18.399999618530273,18.553333282470703
2010-08-18,18.566667556762695,18.559999465942383
2010-08-19,18.51333236694336,18.48666763305664
2010-08-20,18.413333892822266,18.299999237060547
2010-08-23,18.34000015258789,18.286666870117188
2010-08-24,18.053333282470703,18.219999313354492
2010-08-25,18.073333740234375,18.35333251953125
2010-08-26,18.446666717529297,18.233333587646484
2010-08-27,18.333332061767578,18.35333251953125
2010-08-30,18.333332061767578,18.139999389648438
2010-08-31,18.133333206176758,18.399999618530273
2010-09-01,18.566667556762695,18.666667938232422
2010-09-02,18.67333221435547,18.53333282470703
2010-09-03,18.666667938232422,18.700000762939453
2010-09-07,18.606666564941406,18.49333381652832
2010-09-08,18.53333282470703,18.479999542236328
2010-09-09,18.69333267211914,18.766666412353516
2010-09-10,18.833332061767578,19.02666664123535
2010-09-13,19.126667022705078,19.126667022705078
2010-09-14,19.100000381469727,18.84000015258789
2010-09-15,18.81333351135254,18.666667938232422
2010-09-16,18.579999923706055,18.540000915527344
2010-09-17,18.69333267211914,18.626667022705078
2010-09-20,18.666667938232422,18.920000076293945
2010-09-21,18.959999084472656,18.780000686645508
2010-09-22,18.726667404174805,18.760000228881836
2010-09-23,18.606666564941406,18.639999389648438
2010-09-24,18.886667251586914,19.106666564941406
2010-09-27,19.086666107177734,19.19333267211914
2010-09-28,19.19333267211914,19.15999984741211
2010-09-29,19.15999984741211,19.126667022705078
2010-09-30,19.273332595825195,19.073333740234375
2010-10-01,19.253332138061523,19.213333129882812
2010-10-04,19.219999313354492,19.219999313354492
2010-10-05,19.31999969482422,19.32666778564453
2010-10-06,19.31999969482422,19.360000610351562
2010-10-07,19.393333435058594,19.459999084472656
2010-10-08,19.453332901000977,19.520000457763672
2010-10-11,19.520000457763672,19.600000381469727
2010-10-12,19.50666618347168,19.399999618530273
2010-10-13,19.440000534057617,19.50666618347168
2010-10-14,19.49333381652832,19.440000534057617
2010-10-15,19.566667556762695,19.586666107177734
2010-10-18,19.559999465942383,19.64666748046875
2010-10-19,19.440000534057617,19.47333335876465
2010-10-20,19.46666717529297,19.666667938232422
2010-10-21,19.746667861938477,19.586666107177734
2010-10-22,19.64666748046875,19.64666748046875
2010-10-25,19.726667404174805,19.786666870117188
2010-10-26,19.713333129882812,19.713333129882812
2010-10-27,19.586666107177734,19.746667861938477
2010-10-28,19.80666732788086,19.920000076293945
2010-10-29,19.906667709350586,20.059999465942383
2010-11-01,20.200000762939453,19.899999618530273
2010-11-02,20.040000915527344,20.200000762939453
2010-11-03,20.233333587646484,20.253332138061523
2010-11-04,20.440000534057617,20.52666664123535
2010-11-05,20.520000457763672,20.46666717529297
2010-11-08,20.413333892822266,20.32666778564453
2010-11-09,20.34000015258789,20.273332595825195
2010-11-10,20.30666732788086,20.280000686645508
2010-11-11,20.093332290649414,20.020000457763672
2010-11-12,19.866666793823242,19.84666633605957
2010-11-15,19.886667251586914,19.866666793823242
2010-11-16,19.753332138061523,19.573333740234375
2010-11-17,19.666667938232422,19.85333251953125
2010-11-18,19.979999542236328,20.15999984741211
2010-11-19,20.100000381469727,20.106666564941406
2010-11-22,19.99333381652832,20.1200008392334
2010-11-23,19.940000534057617,19.893333435058594
2010-11-24,20.01333236694336,20.260000228881836
2010-11-26,20.1200008392334,20.19333267211914
2010-11-29,20.113332748413086,19.96666717529297
2010-11-30,19.860000610351562,19.780000686645508
2010-12-01,20.059999465942383,20.253332138061523
2010-12-02,20.260000228881836,21.17333221435547
2010-12-03,21.066667556762695,21.31999969482422
2010-12-06,21.260000228881836,21.440000534057617
2010-12-07,21.573333740234375,21.393333435058594
2010-12-08,21.373332977294922,21.15333366394043
2010-12-09,21.273332595825195,21.266666412353516
2010-12-10,21.273332595825195,21.30666732788086
2010-12-13,21.253332138061523,21.14666748046875
2010-12-14,21.233333587646484,21.293333053588867
2010-12-15,21.273332595825195,20.926666259765625
2010-12-16,21.01333236694336,21.113332748413086
2010-12-17,21.226667404174805,21.166667938232422
2010-12-20,21.219999313354492,21.18000030517578
2010-12-21,21.166667938232422,21.32666778564453
2010-12-22,21.31333351135254,20.933332443237305
2010-12-23,20.920000076293945,21.02666664123535
2010-12-27,20.96666717529297,21.073333740234375
2010-12-28,21.073333740234375,21.086666107177734
2010-12-29,21.15333366394043,21.266666412353516
2010-12-30,21.260000228881836,21.18666648864746
2010-12-31,21.133333206176758,21.053333282470703
2011-01-03,21.253332138061523,21.19333267211914
2011-01-04,21.246667861938477,21.200000762939453
2011-01-05,21.093332290649414,21.19333267211914
2011-01-06,21.213333129882812,21.213333129882812
2011-01-07,21.260000228881836,21.19333267211914
2011-01-10,21.14666748046875,21.299999237060547
2011-01-11,21.420000076293945,21.413333892822266
2011-01-12,21.559999465942383,21.50666618347168
2011-01-13,21.53333282470703,21.626667022705078
2011-01-14,21.553333282470703,21.726667404174805
2011-01-18,21.733333587646484,21.906667709350586
2011-01-19,21.906667709350586,21.706666946411133
2011-01-20,21.6200008392334,21.573333740234375
2011-01-21,21.666667938232422,21.559999465942383
2011-01-24,21.520000457763672,21.760000228881836
2011-01-25,21.65999984741211,21.793333053588867
2011-01-26,21.80666732788086,22.046667098999023
2011-01-27,21.719999313354492,21.739999771118164
2011-01-28,21.67333221435547,21.31333351135254
2011-01-31,21.200000762939453,20.899999618530273
2011-02-01,20.953332901000977,21.200000762939453
2011-02-02,21.1200008392334,21.219999313354492
2011-02-03,21.166667938232422,21.253332138061523
2011-02-04,21.293333053588867,21.360000610351562
2011-02-07,21.386667251586914,21.31333351135254
2011-02-08,21.386667251586914,21.126667022705078
2011-02-09,21.139999389648438,20.979999542236328
2011-02-10,20.886667251586914,21.00666618347168
2011-02-11,20.946666717529297,21.100000381469727
2011-02-14,21.100000381469727,21.239999771118164
2011-02-15,21.206666946411133,21.286666870117188
2011-02-16,21.34000015258789,21.386667251586914
2011-02-17,21.420000076293945,21.47333335876465
2011-02-18,21.546667098999023,21.573333740234375
2011-02-22,21.453332901000977,21.453332901000977
2011-02-23,21.50666618347168,21.113332748413086
2011-02-24,21.1200008392334,20.926666259765625
2011-02-25,21.03333282470703,21.34000015258789
2011-02-28,21.35333251953125,21.260000228881836
2011-03-01,21.34000015258789,21.226667404174805
2011-03-02,21.299999237060547,21.559999465942383
2011-03-03,21.68000030517578,22.14666748046875
2011-03-04,22.1200008392334,22.0
2011-03-07,21.959999084472656,21.860000610351562
2011-03-08,21.886667251586914,21.84666633605957
2011-03-09,21.799999237060547,21.773332595825195
2011-03-10,21.553333282470703,21.373332977294922
2011-03-11,21.01333236694336,21.206666946411133
2011-03-14,21.059999465942383,21.066667556762695
2011-03-15,20.5,20.613332748413086
2011-03-16,20.600000381469727,20.49333381652832
2011-03-17,20.666667938232422,20.706666946411133
2011-03-18,20.85333251953125,20.893333435058594
2011-03-21,21.066667556762695,21.399999618530273
2011-03-22,21.3799991607666,21.3799991607666
2011-03-23,21.366666793823242,21.299999237060547
2011-03-24,21.393333435058594,21.440000534057617
2011-03-25,21.459999084472656,21.446666717529297
2011-03-28,21.5,21.206666946411133
2011-03-29,21.17333221435547,21.426666259765625
2011-03-30,21.48666763305664,21.69333267211914
2011-03-31,21.706666946411133,21.933332443237305
2011-04-01,22.0,22.113332748413086
2011-04-04,22.139999389648438,22.200000762939453
2011-04-05,22.1200008392334,22.113332748413086
2011-04-06,22.15333366394043,22.053333282470703
2011-04-07,22.020000457763672,21.85333251953125
2011-04-08,21.97333335876465,21.766666412353516
2011-04-11,21.719999313354492,21.426666259765625
2011-04-12,21.31333351135254,21.01333236694336
2011-04-13,21.113332748413086,21.0
2011-04-14,20.899999618530273,21.03333282470703
2011-04-15,21.093332290649414,21.34666633605957
2011-04-18,21.15999984741211,21.0
2011-04-19,21.0,20.926666259765625
2011-04-20,21.18000030517578,21.31333351135254
2011-04-21,21.413333892822266,21.433332443237305
2011-04-25,21.479999542236328,21.5
2011-04-26,21.586666107177734,21.780000686645508
2011-04-27,21.80666732788086,21.98666763305664
2011-04-28,21.913333892822266,22.113332748413086
2011-04-29,22.086666107177734,22.200000762939453
2011-05-02,22.35333251953125,21.82666778564453
2011-05-03,21.666667938232422,21.726667404174805
2011-05-04,21.719999313354492,21.593332290649414
2011-05-05,21.453332901000977,21.366666793823242
2011-05-06,21.553333282470703,21.48666763305664
2011-05-09,21.5,21.68000030517578
2011-05-10,21.726667404174805,21.81999969482422
2011-05-11,21.766666412353516,21.479999542236328
2011-05-12,21.426666259765625,21.65333366394043
2011-05-13,21.64666748046875,21.47333335876465
2011-05-16,21.426666259765625,21.413333892822266
2011-05-17,21.35333251953125,21.286666870117188
2011-05-18,21.34000015258789,21.50666618347168
2011-05-19,21.6200008392334,21.633333206176758
2011-05-20,21.6200008392334,21.65333366394043
2011-05-23,21.426666259765625,21.233333587646484
2011-05-24,21.32666778564453,21.18000030517578
2011-05-25,21.15999984741211,21.360000610351562
2011-05-26,21.34000015258789,21.420000076293945
2011-05-27,21.52666664123535,21.52666664123535
2011-05-31,21.633333206176758,21.85333251953125
2011-06-01,21.906667709350586,21.80666732788086
2011-06-02,21.726667404174805,21.0
2011-06-03,20.773332595825195,20.893333435058594
2011-06-06,20.886667251586914,20.69333267211914
2011-06-07,20.81333351135254,20.52666664123535
2011-06-08,20.546667098999023,20.700000762939453
2011-06-09,20.700000762939453,20.593332290649414
2011-06-10,20.50666618347168,20.613332748413086
2011-06-13,20.53333282470703,20.406667709350586
2011-06-14,20.546667098999023,20.553333282470703
2011-06-15,20.373332977294922,20.206666946411133
2011-06-16,20.246667861938477,20.406667709350586
2011-06-17,20.593332290649414,20.626667022705078
2011-06-20,20.600000381469727,20.760000228881836
2011-06-21,20.85333251953125,20.98666763305664
2011-06-22,20.97333335876465,21.0
2011-06-23,20.84666633605957,20.793333053588867
2011-06-24,20.760000228881836,20.833332061767578
2011-06-27,20.866666793823242,20.893333435058594
2011-06-28,21.01333236694336,21.046667098999023
2011-06-29,21.079999923706055,21.239999771118164
2011-06-30,21.293333053588867,21.260000228881836
2011-07-01,21.333332061767578,21.64666748046875
2011-07-05,21.69333267211914,21.520000457763672
2011-07-06,21.520000457763672,21.593332290649414
2011-07-07,21.786666870117188,21.666667938232422
2011-07-08,21.479999542236328,21.573333740234375
2011-07-11,21.446666717529297,21.366666793823242
2011-07-12,21.34666633605957,21.386667251586914
2011-07-13,21.5,21.360000610351562
2011-07-14,21.420000076293945,21.15999984741211
2011-07-15,21.206666946411133,21.253332138061523
2011-07-18,21.14666748046875,20.786666870117188
2011-07-19,20.82666778564453,20.940000534057617
2011-07-20,21.02666664123535,21.18666648864746
2011-07-21,21.280000686645508,21.52666664123535
2011-07-22,21.446666717529297,21.30666732788086
2011-07-25,21.239999771118164,21.19333267211914
2011-07-26,21.253332138061523,20.833332061767578
2011-07-27,20.793333053588867,20.413333892822266
2011-07-28,20.433332443237305,20.14666748046875
2011-07-29,20.0,20.200000762939453
2011-08-01,20.32666778564453,20.17333221435547
2011-08-02,20.079999923706055,19.719999313354492
2011-08-03,19.773332595825195,19.65999984741211
2011-08-04,19.520000457763672,18.80666732788086
2011-08-05,18.940000534057617,18.553333282470703
2011-08-08,17.946666717529297,17.286666870117188
2011-08-09,17.613332748413086,18.46666717529297
2011-08-10,18.02666664123535,17.860000610351562
2011-08-11,17.906667709350586,18.85333251953125
2011-08-12,18.97333335876465,18.49333381652832
2011-08-15,18.613332748413086,19.15333366394043
2011-08-16,18.96666717529297,19.01333236694336
2011-08-17,19.1200008392334,19.03333282470703
2011-08-18,18.68000030517578,18.293333053588867
2011-08-19,18.1200008392334,18.093332290649414
2011-08-22,18.5,17.97333335876465
2011-08-23,18.053333282470703,18.420000076293945
2011-08-24,18.426666259765625,19.139999389648438
2011-08-25,19.253332138061523,18.899999618530273
2011-08-26,18.793333053588867,19.200000762939453
2011-08-29,19.420000076293945,19.520000457763672
2011-08-30,19.433332443237305,19.593332290649414
2011-08-31,19.666667938232422,19.84000015258789
2011-09-01,19.873332977294922,19.920000076293945
2011-09-02,19.540000915527344,19.606666564941406
2011-09-06,19.03333282470703,19.15333366394043
2011-09-07,19.440000534057617,19.726667404174805
2011-09-08,19.6200008392334,19.65333366394043
2011-09-09,19.440000534057617,19.020000457763672
2011-09-12,18.80666732788086,19.079999923706055
2011-09-13,18.96666717529297,18.979999542236328
2011-09-14,19.093332290649414,19.19333267211914
2011-09-15,19.3799991607666,19.226667404174805
2011-09-16,19.31333351135254,19.266666412353516
2011-09-19,19.02666664123535,19.040000915527344
2011-09-20,19.133333206176758,19.15999984741211
2011-09-21,19.15333366394043,18.47333335876465
2011-09-22,18.046667098999023,17.67333221435547
2011-09-23,17.586666107177734,17.713333129882812
2011-09-26,17.886667251586914,17.453332901000977
2011-09-27,17.780000686645508,18.239999771118164
2011-09-28,18.260000228881836,17.53333282470703
2011-09-29,17.84000015258789,17.866666793823242
2011-09-30,17.613332748413086,17.51333236694336
2011-10-03,17.48666763305664,16.593332290649414
2011-10-04,16.479999542236328,16.780000686645508
2011-10-05,16.85333251953125,17.213333129882812
2011-10-06,17.18000030517578,17.600000381469727
2011-10-07,18.260000228881836,17.51333236694336
2011-10-10,17.753332138061523,17.893333435058594
2011-10-11,17.80666732788086,17.913333892822266
2011-10-12,18.00666618347168,17.98666763305664
2011-10-13,17.906667709350586,17.886667251586914
2011-10-14,18.03333282470703,18.426666259765625
2011-10-17,18.19333267211914,18.68666648864746
2011-10-18,18.68666648864746,18.559999465942383
2011-10-19,18.553333282470703,18.086666107177734
2011-10-20,18.126667022705078,18.206666946411133
2011-10-21,18.34666633605957,18.639999389648438
2011-10-24,18.626667022705078,18.933332443237305
2011-10-25,18.82666778564453,18.593332290649414
2011-10-26,18.746667861938477,18.786666870117188
2011-10-27,19.17333221435547,19.35333251953125
2011-10-28,19.286666870117188,19.32666778564453
2011-10-31,19.200000762939453,19.113332748413086
2011-11-01,18.67333221435547,18.739999771118164
2011-11-02,19.040000915527344,19.459999084472656
2011-11-03,19.65333366394043,19.799999237060547
2011-11-04,19.639999389648438,19.613332748413086
2011-11-07,19.733333587646484,19.566667556762695
2011-11-08,19.426666259765625,19.213333129882812
2011-11-09,18.746667861938477,18.860000610351562
2011-11-10,19.00666618347168,19.0
2011-11-11,19.14666748046875,19.606666564941406
2011-11-14,19.553333282470703,19.48666763305664
2011-11-15,19.399999618530273,19.666667938232422
2011-11-16,19.593332290649414,19.68000030517578
2011-11-17,19.713333129882812,19.706666946411133
2011-11-18,19.80666732788086,19.626667022705078
2011-11-21,19.393333435058594,19.246667861938477
2011-11-22,19.273332595825195,19.046667098999023
2011-11-23,18.893333435058594,18.766666412353516
2011-11-25,18.766666412353516,18.766666412353516
2011-11-28,19.126667022705078,19.01333236694336
2011-11-29,19.14666748046875,19.51333236694336
2011-11-30,20.020000457763672,19.97333335876465
2011-12-01,19.953332901000977,19.84000015258789
2011-12-02,19.01333236694336,19.0
2011-12-05,19.266666412353516,19.200000762939453
2011-12-06,19.219999313354492,19.093332290649414
2011-12-07,19.00666618347168,19.00666618347168
2011-12-08,18.959999084472656,18.85333251953125
2011-12-09,18.953332901000977,19.133333206176758
2011-12-12,18.926666259765625,18.553333282470703
2011-12-13,18.566667556762695,18.420000076293945
2011-12-14,18.420000076293945,18.260000228881836
2011-12-15,18.47333335876465,18.606666564941406
2011-12-16,18.566667556762695,18.793333053588867
2011-12-19,18.81999969482422,18.51333236694336
2011-12-20,18.84666633605957,19.14666748046875
2011-12-21,19.15333366394043,19.47333335876465
2011-12-22,19.573333740234375,19.386667251586914
2011-12-23,19.453332901000977,19.5
2011-12-27,19.49333381652832,19.613332748413086
2011-12-28,19.553333282470703,19.446666717529297
2011-12-29,19.53333282470703,19.766666412353516
2011-12-30,19.746667861938477,19.600000381469727
2012-01-03,19.893333435058594,19.5
2012-01-04,19.50666618347168,19.18666648864746
2012-01-05,19.166667938232422,19.113332748413086
2012-01-06,19.15333366394043,18.98666763305664
2012-01-09,18.946666717529297,18.85333251953125
2012-01-10,18.99333381652832,18.96666717529297
2012-01-11,18.96666717529297,18.793333053588867
2012-01-12,18.84000015258789,18.739999771118164
2012-01-13,18.69333267211914,18.579999923706055
2012-01-17,18.713333129882812,18.68666648864746
2012-01-18,18.666667938232422,18.65999984741211
2012-01-19,18.753332138061523,18.373332977294922
2012-01-20,18.35333251953125,18.799999237060547
2012-01-23,18.84000015258789,18.920000076293945
2012-01-24,18.84000015258789,18.733333587646484
2012-01-25,17.719999313354492,17.940000534057617
2012-01-26,18.106666564941406,18.31999969482422
2012-01-27,18.226667404174805,17.906667709350586
2012-01-30,17.746667861938477,17.67333221435547
2012-01-31,17.786666870117188,17.940000534057617
2012-02-01,18.106666564941406,18.139999389648438
2012-02-02,18.19333267211914,18.280000686645508
2012-02-03,18.406667709350586,18.406667709350586
2012-02-06,18.34000015258789,18.386667251586914
2012-02-07,18.393333435058594,18.459999084472656
2012-02-08,18.446666717529297,18.35333251953125
2012-02-09,18.426666259765625,18.280000686645508
2012-02-10,18.139999389648438,18.066667556762695
2012-02-13,18.200000762939453,18.1200008392334
2012-02-14,18.113332748413086,18.14666748046875
2012-02-15,18.213333129882812,18.059999465942383
2012-02-16,18.093332290649414,18.413333892822266
2012-02-17,18.479999542236328,18.373332977294922
2012-02-21,18.426666259765625,18.626667022705078
2012-02-22,18.606666564941406,18.940000534057617
2012-02-23,19.1200008392334,19.459999084472656
2012-02-24,19.46666717529297,19.126667022705078
2012-02-27,19.093332290649414,19.286666870117188
2012-02-28,19.293333053588867,19.0
2012-02-29,19.059999465942383,18.833332061767578
2012-03-01,18.933332443237305,19.00666618347168
2012-03-02,18.946666717529297,18.69333267211914
2012-03-05,18.68000030517578,18.81999969482422
2012-03-06,18.69333267211914,18.433332443237305
2012-03-07,18.479999542236328,18.433332443237305
2012-03-08,18.540000915527344,18.68000030517578
2012-03-09,18.68666648864746,18.67333221435547
2012-03-12,18.68000030517578,18.733333587646484
2012-03-13,18.639999389648438,18.773332595825195
2012-03-14,18.733333587646484,18.479999542236328
2012-03-15,18.540000915527344,18.520000457763672
2012-03-16,18.520000457763672,18.34666633605957
2012-03-19,18.333332061767578,18.386667251586914
2012-03-20,18.31999969482422,18.246667861938477
2012-03-21,18.246667861938477,18.1200008392334
2012-03-22,18.00666618347168,18.139999389648438
2012-03-23,18.19333267211914,18.166667938232422
2012-03-26,18.293333053588867,18.30666732788086
2012-03-27,18.31999969482422,18.366666793823242
2012-03-28,18.373332977294922,18.31333351135254
2012-03-29,18.213333129882812,18.273332595825195
2012-03-30,18.34000015258789,18.166667938232422
2012-04-02,18.206666946411133,18.393333435058594
2012-04-03,18.420000076293945,18.579999923706055
2012-04-04,18.453332901000977,18.593332290649414
2012-04-05,18.573333740234375,18.406667709350586
2012-04-09,18.18000030517578,18.206666946411133
2012-04-10,18.17333221435547,17.920000076293945
2012-04-11,18.100000381469727,17.84666633605957
2012-04-12,17.84666633605957,17.873332977294922
2012-04-13,17.84000015258789,17.733333587646484
2012-04-16,17.726667404174805,17.733333587646484
2012-04-17,17.893333435058594,17.979999542236328
2012-04-18,17.933332443237305,17.799999237060547
2012-04-19,17.799999237060547,17.600000381469727
2012-04-20,17.626667022705078,17.739999771118164
2012-04-23,17.600000381469727,17.746667861938477
2012-04-24,17.69333267211914,17.780000686645508
2012-04-25,17.96666717529297,18.113332748413086
2012-04-26,17.98666763305664,18.31999969482422
2012-04-27,19.46666717529297,19.02666664123535
2012-04-30,19.059999465942383,19.453332901000977
2012-05-01,19.5,19.593332290649414
2012-05-02,19.47333335876465,19.420000076293945
2012-05-03,19.440000534057617,19.406667709350586
2012-05-04,19.406667709350586,19.35333251953125
2012-05-07,19.3799991607666,19.440000534057617
2012-05-08,19.399999618530273,19.593332290649414
2012-05-09,19.406667709350586,19.520000457763672
2012-05-10,19.639999389648438,19.746667861938477
2012-05-11,19.65333366394043,19.53333282470703
2012-05-14,19.386667251586914,19.459999084472656
2012-05-15,19.47333335876465,19.426666259765625
2012-05-16,19.459999084472656,19.406667709350586
2012-05-17,19.420000076293945,19.219999313354492
2012-05-18,19.30666732788086,19.066667556762695
2012-05-21,19.093332290649414,19.066667556762695
2012-05-22,19.14666748046875,19.206666946411133
2012-05-23,19.106666564941406,19.00666618347168
2012-05-24,19.00666618347168,19.166667938232422
2012-05-25,19.113332748413086,19.18000030517578
2012-05-29,19.239999771118164,19.233333587646484
2012-05-30,19.106666564941406,18.893333435058594
2012-05-31,18.926666259765625,19.1200008392334
2012-06-01,19.020000457763672,18.920000076293945
2012-06-04,18.96666717529297,18.906667709350586
2012-06-05,18.8799991607666,18.979999542236328
2012-06-06,19.093332290649414,19.31333351135254
2012-06-07,19.459999084472656,19.426666259765625
2012-06-08,19.386667251586914,19.5
2012-06-11,19.613332748413086,19.333332061767578
2012-06-12,19.386667251586914,19.420000076293945
2012-06-13,19.30666732788086,19.246667861938477
2012-06-14,19.293333053588867,19.233333587646484
2012-06-15,19.286666870117188,19.15333366394043
2012-06-18,19.073333740234375,19.280000686645508
2012-06-19,19.293333053588867,19.52666664123535
2012-06-20,19.540000915527344,19.280000686645508
2012-06-21,19.246667861938477,19.059999465942383
2012-06-22,19.093332290649414,19.046667098999023
2012-06-25,18.893333435058594,18.81999969482422
2012-06-26,18.833332061767578,18.719999313354492
2012-06-27,18.520000457763672,19.046667098999023
2012-06-28,18.98666763305664,19.266666412353516
2012-06-29,19.53333282470703,19.6200008392334
2012-07-02,19.739999771118164,20.19333267211914
2012-07-03,20.166667938232422,20.073333740234375
2012-07-05,19.926666259765625,20.046667098999023
2012-07-06,19.899999618530273,20.166667938232422
2012-07-09,20.1200008392334,20.19333267211914
2012-07-10,20.206666946411133,20.333332061767578
2012-07-11,20.3799991607666,20.446666717529297
2012-07-12,20.386667251586914,20.566667556762695
2012-07-13,20.579999923706055,20.666667938232422
2012-07-16,20.739999771118164,20.746667861938477
2012-07-17,20.799999237060547,20.786666870117188
2012-07-18,20.766666412353516,20.719999313354492
2012-07-19,20.706666946411133,20.51333236694336
2012-07-20,20.453332901000977,20.52666664123535
2012-07-23,20.393333435058594,20.46666717529297
2012-07-24,20.453332901000977,20.1200008392334
2012-07-25,20.239999771118164,19.946666717529297
2012-07-26,20.14666748046875,19.99333381652832
2012-07-27,20.126667022705078,20.293333053588867
2012-07-30,20.273332595825195,20.3799991607666
2012-07-31,20.3799991607666,20.433332443237305
2012-08-01,20.53333282470703,20.586666107177734
2012-08-02,20.47333335876465,20.413333892822266
2012-08-03,20.546667098999023,20.573333740234375
2012-08-06,20.64666748046875,20.64666748046875
2012-08-07,20.64666748046875,20.333332061767578
2012-08-08,20.233333587646484,20.18666648864746
2012-08-09,20.139999389648438,20.260000228881836
2012-08-10,20.239999771118164,20.35333251953125
2012-08-13,20.293333053588867,20.233333587646484
2012-08-14,20.34000015258789,20.713333129882812
2012-08-15,20.726667404174805,20.573333740234375
2012-08-16,20.553333282470703,20.753332138061523
2012-08-17,20.739999771118164,20.726667404174805
2012-08-20,20.69333267211914,20.65333366394043
2012-08-21,20.666667938232422,20.606666564941406
2012-08-22,20.6200008392334,20.453332901000977
2012-08-23,20.47333335876465,20.133333206176758
2012-08-24,20.053333282470703,20.253332138061523
2012-08-27,20.286666870117188,20.406667709350586
2012-08-28,20.393333435058594,20.373332977294922
2012-08-29,20.426666259765625,20.440000534057617
2012-08-30,20.32666778564453,20.34000015258789
2012-08-31,20.453332901000977,20.31999969482422
2012-09-04,20.34666633605957,20.566667556762695
2012-09-05,20.566667556762695,20.67333221435547
2012-09-06,20.766666412353516,20.97333335876465
2012-09-07,20.920000076293945,20.80666732788086
2012-09-10,20.81999969482422,20.786666870117188
2012-09-11,20.766666412353516,20.68666648864746
2012-09-12,20.593332290649414,20.50666618347168
2012-09-13,20.5,20.626667022705078
2012-09-14,20.626667022705078,20.373332977294922
2012-09-17,20.333332061767578,20.35333251953125
2012-09-18,20.373332977294922,20.53333282470703
2012-09-19,20.53333282470703,20.726667404174805
2012-09-20,20.719999313354492,20.786666870117188
2012-09-21,20.81333351135254,20.84666633605957
2012-09-24,20.799999237060547,20.940000534057617
2012-09-25,20.979999542236328,20.940000534057617
2012-09-26,20.97333335876465,21.14666748046875
2012-09-27,21.166667938232422,21.040000915527344
2012-09-28,20.979999542236328,21.166667938232422
2012-10-01,21.280000686645508,20.733333587646484
2012-10-02,20.85333251953125,20.873332977294922
2012-10-03,20.940000534057617,21.113332748413086
2012-10-04,21.219999313354492,21.360000610351562
2012-10-05,21.453332901000977,21.273332595825195
2012-10-08,21.219999313354492,21.30666732788086
2012-10-09,21.260000228881836,21.19333267211914
2012-10-10,21.200000762939453,21.059999465942383
2012-10-11,21.14666748046875,21.046667098999023
2012-10-12,21.02666664123535,20.85333251953125
2012-10-15,20.886667251586914,21.113332748413086
2012-10-16,21.14666748046875,21.440000534057617
2012-10-17,21.446666717529297,21.906667709350586
2012-10-18,21.926666259765625,22.059999465942383
2012-10-19,22.0,21.906667709350586
2012-10-22,21.906667709350586,21.633333206176758
2012-10-23,21.520000457763672,21.50666618347168
2012-10-24,21.546667098999023,21.47333335876465
2012-10-25,21.706666946411133,21.573333740234375
2012-10-26,21.53333282470703,21.51333236694336
2012-10-31,21.49333381652832,21.52666664123535
2012-11-01,21.520000457763672,21.780000686645508
2012-11-02,21.899999618530273,21.386667251586914
2012-11-05,21.393333435058594,21.239999771118164
2012-11-06,21.260000228881836,21.479999542236328
2012-11-07,21.32666778564453,20.940000534057617
2012-11-08,20.84000015258789,21.03333282470703
2012-11-09,20.899999618530273,21.020000457763672
2012-11-12,21.00666618347168,20.860000610351562
2012-11-13,20.739999771118164,20.786666870117188
2012-11-14,20.773332595825195,20.566667556762695
2012-11-15,20.520000457763672,20.32666778564453
2012-11-16,20.286666870117188,20.5
2012-11-19,20.706666946411133,21.086666107177734
2012-11-20,21.15999984741211,21.18000030517578
2012-11-21,21.266666412353516,21.18000030517578
2012-11-23,21.18000030517578,21.18666648864746
2012-11-26,21.18666648864746,21.700000762939453
2012-11-27,21.733333587646484,21.933332443237305
2012-11-28,21.799999237060547,21.946666717529297
2012-11-29,22.100000381469727,22.233333587646484
2012-11-30,22.253332138061523,22.14666748046875
2012-12-03,22.166667938232422,22.15999984741211
2012-12-04,22.133333206176758,22.079999923706055
2012-12-05,22.100000381469727,22.233333587646484
2012-12-06,22.233333587646484,22.239999771118164
2012-12-07,22.226667404174805,22.093332290649414
2012-12-10,22.073333740234375,22.040000915527344
2012-12-11,22.073333740234375,22.15333366394043
2012-12-12,22.139999389648438,21.886667251586914
2012-12-13,21.833332061767578,21.64666748046875
2012-12-14,21.65999984741211,21.559999465942383
2012-12-17,21.586666107177734,21.81999969482422
2012-12-18,21.873332977294922,21.700000762939453
2012-12-19,21.719999313354492,21.953332901000977
2012-12-20,21.979999542236328,21.96666717529297
2012-12-21,21.81333351135254,21.946666717529297
2012-12-24,21.940000534057617,21.860000610351562
2012-12-26,21.933332443237305,21.613332748413086
2012-12-27,21.593332290649414,21.553333282470703
2012-12-28,21.47333335876465,21.479999542236328
2012-12-31,21.420000076293945,21.80666732788086
2013-01-02,22.19333267211914,22.200000762939453
2013-01-03,22.246667861938477,22.366666793823242
2013-01-04,22.3799991607666,22.50666618347168
2013-01-07,22.426666259765625,22.14666748046875
2013-01-08,22.086666107177734,22.133333206176758
2013-01-09,22.219999313354492,22.18666648864746
2013-01-10,22.239999771118164,22.053333282470703
2013-01-11,22.139999389648438,22.273332595825195
2013-01-14,22.239999771118164,22.426666259765625
2013-01-15,22.34666633605957,22.399999618530273
2013-01-16,22.333332061767578,22.286666870117188
2013-01-17,22.30666732788086,22.546667098999023
2013-01-18,22.53333282470703,22.64666748046875
2013-01-22,22.68000030517578,23.079999923706055
2013-01-23,23.020000457763672,23.19333267211914
2013-01-24,23.17333221435547,23.15999984741211
2013-01-25,23.093332290649414,23.040000915527344
2013-01-28,23.03333282470703,23.100000381469727
2013-01-29,23.059999465942383,23.393333435058594
2013-01-30,23.413333892822266,23.3799991607666
2013-01-31,23.3799991607666,23.49333381652832
2013-02-01,23.80666732788086,23.940000534057617
2013-02-04,23.899999618530273,23.65999984741211
2013-02-05,23.753332138061523,23.600000381469727
2013-02-06,23.52666664123535,23.913333892822266
2013-02-07,23.979999542236328,23.97333335876465
2013-02-08,23.959999084472656,24.01333236694336
2013-02-11,24.03333282470703,23.893333435058594
2013-02-12,23.85333251953125,23.953332901000977
2013-02-13,23.979999542236328,24.040000915527344
2013-02-14,23.97333335876465,23.85333251953125
2013-02-15,23.559999465942383,23.706666946411133
2013-02-19,23.753332138061523,23.84666633605957
2013-02-20,23.866666793823242,23.706666946411133
2013-02-21,23.65333366394043,23.553333282470703
2013-02-22,23.573333740234375,23.700000762939453
2013-02-25,23.80666732788086,23.65333366394043
2013-02-26,23.68666648864746,23.593332290649414
2013-02-27,23.579999923706055,23.80666732788086
2013-02-28,23.773332595825195,23.8799991607666
2013-03-01,23.833332061767578,23.873332977294922
2013-03-04,23.833332061767578,24.200000762939453
2013-03-05,24.299999237060547,24.260000228881836
2013-03-06,24.260000228881836,24.139999389648438
2013-03-07,24.233333587646484,24.35333251953125
2013-03-08,24.440000534057617,24.52666664123535
2013-03-11,24.559999465942383,24.739999771118164
2013-03-12,24.766666412353516,24.799999237060547
2013-03-13,24.65333366394043,24.746667861938477
2013-03-14,24.753332138061523,24.786666870117188
2013-03-15,24.84666633605957,24.746667861938477
2013-03-18,24.566667556762695,24.639999389648438
2013-03-19,24.6200008392334,24.65333366394043
2013-03-20,24.733333587646484,24.979999542236328
2013-03-21,24.886667251586914,24.98666763305664
2013-03-22,25.0,25.066667556762695
2013-03-25,25.15333366394043,24.98666763305664
2013-03-26,25.00666618347168,25.273332595825195
2013-03-27,25.14666748046875,25.286666870117188
2013-03-28,25.286666870117188,25.593332290649414
2013-04-01,25.600000381469727,25.49333381652832
2013-04-02,25.593332290649414,25.52666664123535
2013-04-03,25.573333740234375,25.239999771118164
2013-04-04,25.266666412353516,25.48666763305664
2013-04-05,25.293333053588867,25.600000381469727
2013-04-08,25.6200008392334,25.933332443237305
2013-04-09,25.933332443237305,25.953332901000977
2013-04-10,26.059999465942383,26.47333335876465
2013-04-11,26.393333435058594,26.633333206176758
2013-04-12,26.600000381469727,26.733333587646484
2013-04-15,26.726667404174805,26.073333740234375
2013-04-16,26.273332595825195,26.600000381469727
2013-04-17,26.52666664123535,26.3799991607666
2013-04-18,26.47333335876465,26.786666870117188
2013-04-19,26.866666793823242,27.079999923706055
2013-04-22,27.1200008392334,26.98666763305664
2013-04-23,27.0,26.84000015258789
2013-04-24,26.666667938232422,26.773332595825195
2013-04-25,26.893333435058594,27.0
2013-04-26,27.020000457763672,26.920000076293945
2013-04-29,27.046667098999023,27.31999969482422
2013-04-30,27.31999969482422,27.31999969482422
2013-05-01,27.34000015258789,26.98666763305664
2013-05-02,27.1200008392334,27.166667938232422
2013-05-03,27.333332061767578,27.219999313354492
2013-05-06,27.200000762939453,27.02666664123535
2013-05-07,27.1200008392334,27.586666107177734
2013-05-08,27.49333381652832,27.35333251953125
2013-05-09,27.373332977294922,27.0
2013-05-10,27.0,26.98666763305664
2013-05-13,26.953332901000977,26.793333053588867
2013-05-14,26.84000015258789,27.046667098999023
2013-05-15,27.046667098999023,27.100000381469727
2013-05-16,27.093332290649414,27.14666748046875
2013-05-17,27.280000686645508,27.593332290649414
2013-05-20,27.633333206176758,27.6200008392334
2013-05-21,27.6200008392334,27.98666763305664
2013-05-22,27.979999542236328,27.30666732788086
2013-05-23,27.126667022705078,26.906667709350586
2013-05-24,26.799999237060547,26.64666748046875
2013-05-28,26.81333351135254,26.399999618530273
2013-05-29,26.226667404174805,25.633333206176758
2013-05-30,25.626667022705078,25.65333366394043
2013-05-31,25.613332748413086,25.459999084472656
2013-06-03,25.52666664123535,25.459999084472656
2013-06-04,25.433332443237305,25.32666778564453
2013-06-05,25.293333053588867,25.126667022705078
2013-06-06,25.093332290649414,25.46666717529297
2013-06-07,25.559999465942383,25.81999969482422
2013-06-10,25.899999618530273,25.793333053588867
2013-06-11,25.53333282470703,25.84000015258789
2013-06-12,25.866666793823242,25.399999618530273
2013-06-13,25.3799991607666,25.920000076293945
2013-06-14,25.719999313354492,25.920000076293945
2013-06-17,26.206666946411133,25.84000015258789
2013-06-18,25.906667709350586,26.17333221435547
2013-06-19,26.166667938232422,25.633333206176758
2013-06-20,25.426666259765625,24.81333351135254
2013-06-21,24.959999084472656,24.69333267211914
2013-06-24,24.426666259765625,24.746667861938477
2013-06-25,24.953332901000977,25.02666664123535
2013-06-26,25.19333267211914,25.82666778564453
2013-06-27,25.959999084472656,26.113332748413086
2013-06-28,26.0,26.073333740234375
2013-07-01,26.246667861938477,25.799999237060547
2013-07-02,25.799999237060547,25.753332138061523
2013-07-03,25.753332138061523,25.940000534057617
2013-07-05,26.00666618347168,25.8799991607666
2013-07-08,25.98666763305664,26.219999313354492
2013-07-09,26.293333053588867,26.299999237060547
2013-07-10,26.31999969482422,26.3799991607666
2013-07-11,26.666667938232422,26.746667861938477
2013-07-12,26.786666870117188,27.066667556762695
2013-07-15,26.933332443237305,27.579999923706055
2013-07-16,27.64666748046875,27.413333892822266
2013-07-17,27.51333236694336,27.413333892822266
2013-07-18,27.393333435058594,27.833332061767578
2013-07-19,27.84666633605957,27.633333206176758
2013-07-22,27.633333206176758,27.626667022705078
2013-07-23,27.666667938232422,27.81999969482422
2013-07-24,27.893333435058594,27.453332901000977
2013-07-25,27.440000534057617,27.786666870117188
2013-07-26,27.68000030517578,28.046667098999023
2013-07-29,28.020000457763672,27.920000076293945
2013-07-30,27.959999084472656,27.866666793823242
2013-07-31,27.799999237060547,27.99333381652832
2013-08-01,28.266666412353516,28.68666648864746
2013-08-02,28.69333267211914,28.32666778564453
2013-08-05,28.260000228881836,28.32666778564453
2013-08-06,28.260000228881836,28.14666748046875
2013-08-07,28.01333236694336,28.020000457763672
2013-08-08,28.333332061767578,28.040000915527344
2013-08-09,28.03333282470703,27.99333381652832
2013-08-12,27.98666763305664,28.18666648864746
2013-08-13,28.15999984741211,28.01333236694336
2013-08-14,27.920000076293945,27.633333206176758
2013-08-15,27.433332443237305,27.086666107177734
2013-08-16,27.0,26.753332138061523
2013-08-19,26.753332138061523,26.413333892822266
2013-08-20,26.46666717529297,26.80666732788086
2013-08-21,26.773332595825195,26.520000457763672
2013-08-22,26.633333206176758,26.586666107177734
2013-08-23,26.633333206176758,26.899999618530273
2013-08-26,26.899999618530273,26.793333053588867
2013-08-27,26.613332748413086,26.393333435058594
2013-08-28,26.3799991607666,26.626667022705078
2013-08-29,26.540000915527344,26.520000457763672
2013-08-30,26.553333282470703,26.133333206176758
2013-09-03,26.426666259765625,25.65999984741211
2013-09-04,25.64666748046875,25.633333206176758
2013-09-05,25.586666107177734,25.586666107177734
2013-09-06,25.739999771118164,25.559999465942383
2013-09-09,25.579999923706055,25.52666664123535
2013-09-10,25.666667938232422,25.899999618530273
2013-09-11,25.893333435058594,25.81333351135254
2013-09-12,25.700000762939453,25.666667938232422
2013-09-13,25.780000686645508,25.49333381652832
2013-09-16,25.753332138061523,25.399999618530273
2013-09-17,25.399999618530273,25.799999237060547
2013-09-18,25.786666870117188,26.426666259765625
2013-09-19,26.413333892822266,26.3799991607666
2013-09-20,26.433332443237305,26.01333236694336
2013-09-23,25.886667251586914,26.420000076293945
2013-09-24,26.420000076293945,26.459999084472656
2013-09-25,26.46666717529297,26.286666870117188
2013-09-26,26.30666732788086,26.299999237060547
2013-09-27,26.106666564941406,25.953332901000977
2013-09-30,25.760000228881836,26.086666107177734
2013-10-01,26.18000030517578,26.246667861938477
2013-10-02,26.14666748046875,25.8799991607666
2013-10-03,25.753332138061523,25.6200008392334
2013-10-04,25.633333206176758,25.786666870117188
2013-10-07,25.266666412353516,25.573333740234375
2013-10-08,25.53333282470703,25.65999984741211
2013-10-09,25.68000030517578,25.5
2013-10-10,25.760000228881836,26.086666107177734
2013-10-11,26.020000457763672,26.133333206176758
2013-10-14,26.0,26.040000915527344
2013-10-15,25.940000534057617,25.68666648864746
2013-10-16,25.799999237060547,25.893333435058594
2013-10-17,25.873332977294922,26.433332443237305
2013-10-18,26.566667556762695,26.53333282470703
2013-10-21,26.540000915527344,26.886667251586914
2013-10-22,27.01333236694336,27.600000381469727
2013-10-23,27.579999923706055,27.3799991607666
2013-10-24,27.53333282470703,27.613332748413086
2013-10-25,27.726667404174805,28.02666664123535
2013-10-28,27.97333335876465,28.113332748413086
2013-10-29,28.106666564941406,28.053333282470703
2013-10-30,28.01333236694336,27.65999984741211
2013-10-31,27.64666748046875,27.579999923706055
2013-11-01,27.666667938232422,27.606666564941406
2013-11-04,27.706666946411133,27.793333053588867
2013-11-05,27.65999984741211,27.333332061767578
2013-11-06,27.51333236694336,27.760000228881836
2013-11-07,27.81333351135254,27.260000228881836
2013-11-08,27.18666648864746,27.413333892822266
2013-11-11,27.446666717529297,27.540000915527344
2013-11-12,27.433332443237305,26.940000534057617
2013-11-13,26.84000015258789,27.360000610351562
2013-11-14,27.393333435058594,27.433332443237305
2013-11-15,27.426666259765625,27.453332901000977
2013-11-18,27.433332443237305,27.30666732788086
2013-11-19,27.19333267211914,27.18000030517578
2013-11-20,27.18666648864746,27.106666564941406
2013-11-21,27.113332748413086,27.17333221435547
2013-11-22,27.200000762939453,27.239999771118164
2013-11-25,27.34666633605957,27.200000762939453
2013-11-26,27.113332748413086,27.00666618347168
2013-11-27,27.093332290649414,26.99333381652832
2013-11-29,27.079999923706055,26.84000015258789
2013-12-02,26.913333892822266,27.00666618347168
2013-12-03,26.959999084472656,27.15333366394043
2013-12-04,27.086666107177734,26.786666870117188
2013-12-05,26.799999237060547,26.82666778564453
2013-12-06,26.719999313354492,27.079999923706055
2013-12-09,27.079999923706055,27.239999771118164
2013-12-10,27.093332290649414,26.920000076293945
2013-12-11,26.953332901000977,26.31999969482422
2013-12-12,26.1200008392334,26.47333335876465
2013-12-13,26.593332290649414,26.5
2013-12-16,26.546667098999023,26.579999923706055
2013-12-17,26.553333282470703,26.573333740234375
2013-12-18,26.633333206176758,26.773332595825195
2013-12-19,26.746667861938477,26.766666412353516
2013-12-20,26.80666732788086,27.333332061767578
2013-12-23,27.47333335876465,27.226667404174805
2013-12-24,27.206666946411133,27.413333892822266
2013-12-26,27.47333335876465,27.53333282470703
2013-12-27,27.606666564941406,27.50666618347168
2013-12-30,27.50666618347168,27.5
2013-12-31,27.553333282470703,27.639999389648438
2014-01-02,27.65333366394043,27.053333282470703
2014-01-03,27.079999923706055,27.086666107177734
2014-01-06,27.15333366394043,26.99333381652832
2014-01-07,27.00666618347168,27.453332901000977
2014-01-08,27.453332901000977,27.19333267211914
2014-01-09,27.299999237060547,27.32666778564453
2014-01-10,27.413333892822266,27.68666648864746
2014-01-13,27.706666946411133,27.413333892822266
2014-01-14,27.446666717529297,27.606666564941406
2014-01-15,27.593332290649414,27.666667938232422
2014-01-16,27.69333267211914,28.00666618347168
2014-01-17,28.01333236694336,27.799999237060547
2014-01-21,28.0,27.959999084472656
2014-01-22,28.046667098999023,28.206666946411133
2014-01-23,28.1200008392334,28.0
2014-01-24,27.906667709350586,27.84666633605957
2014-01-27,27.893333435058594,27.68000030517578
2014-01-28,27.713333129882812,27.866666793823242
2014-01-29,27.606666564941406,27.833332061767578
2014-01-30,27.96666717529297,28.253332138061523
2014-01-31,28.333332061767578,28.926666259765625
2014-02-03,28.899999618530273,28.106666564941406
2014-02-04,28.299999237060547,27.726667404174805
2014-02-05,27.726667404174805,27.906667709350586
2014-02-06,27.899999618530273,27.84666633605957
2014-02-07,27.959999084472656,28.413333892822266
2014-02-10,28.333332061767578,28.399999618530273
2014-02-11,28.459999084472656,28.666667938232422
2014-02-12,28.633333206176758,28.81333351135254
2014-02-13,28.760000228881836,29.113332748413086
2014-02-14,29.00666618347168,29.106666564941406
2014-02-18,29.139999389648438,29.440000534057617
2014-02-19,29.34000015258789,29.15999984741211
2014-02-20,29.126667022705078,29.299999237060547
2014-02-21,29.35333251953125,29.246667861938477
2014-02-24,29.266666412353516,29.3799991607666
2014-02-25,29.373332977294922,29.52666664123535
2014-02-26,29.600000381469727,29.50666618347168
2014-02-27,29.440000534057617,29.573333740234375
2014-02-28,29.6200008392334,29.793333053588867
2014-03-03,29.64666748046875,29.53333282470703
2014-03-04,29.80666732788086,29.780000686645508
2014-03-05,29.780000686645508,29.766666412353516
2014-03-06,29.793333053588867,29.6200008392334
2014-03-07,29.666667938232422,29.706666946411133
2014-03-10,29.67333221435547,29.780000686645508
2014-03-11,29.766666412353516,29.53333282470703
2014-03-12,29.246667861938477,29.34666633605957
2014-03-13,29.440000534057617,29.739999771118164
2014-03-14,29.68000030517578,29.873332977294922
2014-03-17,29.926666259765625,29.946666717529297
2014-03-18,29.98666763305664,30.046667098999023
2014-03-19,30.073333740234375,29.84666633605957
2014-03-20,29.833332061767578,29.69333267211914
2014-03-21,29.793333053588867,29.67333221435547
2014-03-24,29.753332138061523,29.899999618530273
2014-03-25,29.979999542236328,29.753332138061523
2014-03-26,29.780000686645508,29.6200008392334
2014-03-27,29.626667022705078,30.0
2014-03-28,30.139999389648438,29.866666793823242
2014-03-31,29.96666717529297,30.406667709350586
2014-04-01,30.49333381652832,30.233333587646484
2014-04-02,30.213333129882812,30.239999771118164
2014-04-03,30.213333129882812,30.31333351135254
2014-04-04,30.51333236694336,30.18666648864746
2014-04-07,30.166667938232422,30.073333740234375
2014-04-08,30.040000915527344,30.17333221435547
2014-04-09,30.239999771118164,30.040000915527344
2014-04-10,30.273332595825195,29.959999084472656
2014-04-11,29.85333251953125,29.833332061767578
2014-04-14,30.066667556762695,30.139999389648438
2014-04-15,30.14666748046875,30.333332061767578
2014-04-16,30.5,30.739999771118164
2014-04-17,30.700000762939453,30.47333335876465
2014-04-21,30.53333282470703,30.49333381652832
2014-04-22,30.553333282470703,30.780000686645508
2014-04-23,30.666667938232422,30.833332061767578
2014-04-24,30.946666717529297,30.81999969482422
2014-04-25,30.780000686645508,30.899999618530273
2014-04-28,30.933332443237305,31.213333129882812
2014-04-29,31.226667404174805,31.133333206176758
2014-04-30,31.15333366394043,31.126667022705078
2014-05-01,31.02666664123535,31.386667251586914
2014-05-02,31.366666793823242,30.8799991607666
2014-05-05,30.753332138061523,31.246667861938477
2014-05-06,31.226667404174805,30.953332901000977
2014-05-07,30.96666717529297,31.18666648864746
2014-05-08,32.0,31.18666648864746
2014-05-09,31.219999313354492,31.139999389648438
2014-05-12,31.280000686645508,31.253332138061523
2014-05-13,31.266666412353516,31.426666259765625
2014-05-14,31.47333335876465,31.65999984741211
2014-05-15,31.64666748046875,31.766666412353516
2014-05-16,31.733333587646484,31.926666259765625
2014-05-19,31.933332443237305,31.600000381469727
2014-05-20,31.613332748413086,31.873332977294922
2014-05-21,31.886667251586914,31.726667404174805
2014-05-22,31.706666946411133,31.97333335876465
2014-05-23,32.060001373291016,31.97333335876465
2014-05-27,32.1533317565918,32.12666702270508
2014-05-28,32.086666107177734,32.233333587646484
2014-05-29,32.366668701171875,32.279998779296875
2014-05-30,32.246665954589844,32.4466667175293
2014-06-02,32.47999954223633,32.633331298828125
2014-06-03,32.526668548583984,32.813331604003906
2014-06-04,32.71333312988281,32.72666549682617
2014-06-05,32.733333587646484,33.08000183105469
2014-06-06,33.133331298828125,33.11333465576172
2014-06-09,33.086666107177734,32.85333251953125
2014-06-10,32.81999969482422,32.606666564941406
2014-06-11,32.48666763305664,32.21333312988281
2014-06-12,32.00666809082031,32.13999938964844
2014-06-13,32.133331298828125,32.18000030517578
2014-06-16,32.099998474121094,32.30666732788086
2014-06-17,32.27333450317383,32.380001068115234
2014-06-18,32.31999969482422,32.98666763305664
2014-06-19,32.939998626708984,33.04666519165039
2014-06-20,33.03333282470703,32.85333251953125
2014-06-23,32.926666259765625,32.7400016784668
2014-06-24,32.70000076293945,32.62666702270508
2014-06-25,32.53333282470703,33.060001373291016
2014-06-26,32.973331451416016,33.0533332824707
2014-06-27,33.040000915527344,33.40666580200195
2014-06-30,33.400001525878906,33.66666793823242
2014-07-01,33.72666549682617,33.686668395996094
2014-07-02,33.686668395996094,33.586666107177734
2014-07-03,33.6533317565918,33.48666763305664
2014-07-07,33.33333206176758,33.6533317565918
2014-07-08,33.5533332824707,33.81999969482422
2014-07-09,33.813331604003906,33.779998779296875
2014-07-10,33.49333190917969,33.880001068115234
2014-07-11,33.85333251953125,33.793331146240234
2014-07-14,33.8466682434082,33.619998931884766
2014-07-15,33.51333236694336,33.65999984741211
2014-07-16,33.7599983215332,33.4466667175293
2014-07-17,33.38666534423828,33.14666748046875
2014-07-18,33.2400016784668,33.793331146240234
2014-07-21,33.686668395996094,33.7599983215332
2014-07-22,33.83333206176758,33.766666412353516
2014-07-23,33.746665954589844,33.526668548583984
2014-07-24,33.526668548583984,33.5533332824707
2014-07-25,33.45333480834961,33.06666564941406
2014-07-28,33.03333282470703,33.380001068115234
2014-07-29,33.38666534423828,33.14666748046875
2014-07-30,33.086666107177734,32.87333297729492
2014-07-31,32.82666778564453,32.36000061035156
2014-08-01,32.36000061035156,32.31999969482422
2014-08-04,32.473331451416016,32.1533317565918
2014-08-05,32.00666809082031,31.893333435058594
2014-08-06,31.773332595825195,31.799999237060547
2014-08-07,31.979999542236328,32.08000183105469
2014-08-08,32.09333419799805,32.68000030517578
2014-08-11,32.7599983215332,32.753334045410156
2014-08-12,32.6533317565918,32.72666549682617
2014-08-13,32.72666549682617,32.90666580200195
2014-08-14,32.90666580200195,33.413333892822266
2014-08-15,33.599998474121094,33.633331298828125
2014-08-18,33.793331146240234,33.80666732788086
2014-08-19,33.85333251953125,34.30666732788086
2014-08-20,34.30666732788086,34.459999084472656
2014-08-21,34.46666717529297,34.540000915527344
2014-08-22,34.540000915527344,34.62666702270508
2014-08-25,34.766666412353516,34.83333206176758
2014-08-26,34.80666732788086,34.7400016784668
2014-08-27,34.779998779296875,35.026668548583984
2014-08-28,34.866668701171875,35.1533317565918
2014-08-29,35.1533317565918,35.31999969482422
2014-09-02,35.32666778564453,35.35333251953125
2014-09-03,35.37333297729492,35.606666564941406
2014-09-04,35.56666564941406,35.400001525878906
2014-09-05,35.413333892822266,35.90666580200195
2014-09-08,35.83000183105469,36.33000183105469
2014-09-09,36.400001525878906,35.9900016784668
2014-09-10,35.90999984741211,35.70000076293945
2014-09-11,35.41999816894531,35.72999954223633
2014-09-12,35.61000061035156,35.040000915527344
2014-09-15,35.040000915527344,34.95000076293945
2014-09-16,34.93000030517578,35.15999984741211
2014-09-17,35.22999954223633,35.040000915527344
2014-09-18,35.15999984741211,34.970001220703125
2014-09-19,34.9900016784668,35.08000183105469
2014-09-22,34.970001220703125,34.40999984741211
2014-09-23,34.29999923706055,33.939998626708984
2014-09-24,34.029998779296875,33.970001220703125
2014-09-25,33.81999969482422,33.709999084472656
2014-09-26,33.66999816894531,34.04999923706055
2014-09-29,33.84000015258789,34.209999084472656
2014-09-30,34.209999084472656,34.09000015258789
2014-10-01,34.130001068115234,33.560001373291016
2014-10-02,33.5,33.65999984741211
2014-10-03,33.79999923706055,33.95000076293945
2014-10-06,34.11000061035156,34.16999816894531
2014-10-07,34.02000045776367,34.20000076293945
2014-10-08,34.13999938964844,34.40999984741211
2014-10-09,34.400001525878906,33.849998474121094
2014-10-10,33.81999969482422,34.18000030517578
2014-10-13,34.220001220703125,33.810001373291016
2014-10-14,34.08000183105469,34.310001373291016
2014-10-15,34.029998779296875,34.619998931884766
2014-10-16,34.209999084472656,34.86000061035156
2014-10-17,35.18000030517578,34.84000015258789
2014-10-20,34.81999969482422,35.27000045776367
2014-10-21,35.36000061035156,35.88999938964844
2014-10-22,35.900001525878906,36.15999984741211
2014-10-23,36.56999969482422,36.619998931884766
2014-10-24,36.7599983215332,36.77000045776367
2014-10-27,36.70000076293945,36.630001068115234
2014-10-28,36.689998626708984,37.36000061035156
2014-10-29,37.43000030517578,37.18000030517578
2014-10-30,37.20000076293945,37.720001220703125
2014-10-31,38.0,37.689998626708984
2014-11-03,37.79999923706055,37.939998626708984
2014-11-04,38.029998779296875,37.84000015258789
2014-11-05,37.939998626708984,38.2400016784668
2014-11-06,38.2400016784668,38.380001068115234
2014-11-07,38.41999816894531,38.43000030517578
2014-11-10,38.459999084472656,38.709999084472656
2014-11-11,38.66999816894531,38.43000030517578
2014-11-12,38.15999984741211,37.95000076293945
2014-11-13,37.849998474121094,37.119998931884766
2014-11-14,37.040000915527344,36.849998474121094
2014-11-17,36.7599983215332,37.209999084472656
2014-11-18,37.20000076293945,37.459999084472656
2014-11-19,37.439998626708984,37.2599983215332
2014-11-20,36.88999938964844,37.060001373291016
2014-11-21,37.470001220703125,37.41999816894531
2014-11-24,37.5,37.459999084472656
2014-11-25,37.54999923706055,37.529998779296875
2014-11-26,37.619998931884766,37.720001220703125
2014-11-28,37.790000915527344,37.709999084472656
2014-12-01,37.630001068115234,37.29999923706055
2014-12-02,37.279998779296875,37.58000183105469
2014-12-03,37.650001525878906,38.0
2014-12-04,37.9900016784668,38.470001220703125
2014-12-05,38.29999923706055,38.41999816894531
2014-12-08,38.31999969482422,38.29999923706055
2014-12-09,37.91999816894531,38.720001220703125
2014-12-10,38.79999923706055,37.540000915527344
2014-12-11,37.439998626708984,37.68000030517578
2014-12-12,37.40999984741211,36.880001068115234
2014-12-15,36.959999084472656,36.34000015258789
2014-12-16,36.290000915527344,36.150001525878906
2014-12-17,36.189998626708984,36.709999084472656
2014-12-18,37.11000061035156,37.4900016784668
2014-12-19,37.459999084472656,37.709999084472656
2014-12-22,37.86000061035156,37.630001068115234
2014-12-23,37.79999923706055,37.630001068115234
2014-12-24,37.61000061035156,38.27000045776367
2014-12-26,38.529998779296875,38.59000015258789
2014-12-29,38.7400016784668,39.599998474121094
2014-12-30,39.560001373291016,38.880001068115234
2014-12-31,38.959999084472656,37.97999954223633
2015-01-02,38.119998931884766,38.02000045776367
2015-01-05,37.84000015258789,37.11000061035156
2015-01-06,37.22999954223633,36.400001525878906
2015-01-07,36.65999984741211,36.599998474121094
2015-01-08,36.880001068115234,37.150001525878906
2015-01-09,37.27000045776367,36.939998626708984
2015-01-12,37.09000015258789,36.970001220703125
2015-01-13,37.22999954223633,36.81999969482422
2015-01-14,36.52000045776367,36.880001068115234
2015-01-15,37.040000915527344,37.150001525878906
2015-01-16,37.130001068115234,37.65999984741211
2015-01-20,37.65999984741211,37.689998626708984
2015-01-21,37.70000076293945,38.04999923706055
2015-01-22,38.349998474121094,38.4900016784668
2015-01-23,38.5,37.84000015258789
2015-01-26,37.75,38.06999969482422
2015-01-27,37.91999816894531,38.08000183105469
2015-01-28,38.13999938964844,37.45000076293945
2015-01-29,37.65999984741211,37.790000915527344
2015-01-30,37.689998626708984,36.9900016784668
2015-02-02,37.209999084472656,37.52000045776367
2015-02-03,37.560001373291016,38.56999969482422
2015-02-04,38.22999954223633,37.470001220703125
2015-02-05,37.84000015258789,36.93000030517578
2015-02-06,36.84000015258789,35.4900016784668
2015-02-09,35.310001373291016,35.09000015258789
2015-02-10,35.13999938964844,35.279998779296875
2015-02-11,35.099998474121094,34.84000015258789
2015-02-12,34.93000030517578,34.709999084472656
2015-02-13,34.709999084472656,34.5099983215332
2015-02-17,34.43000030517578,34.0
2015-02-18,34.0,34.84000015258789
2015-02-19,34.849998474121094,34.709999084472656
2015-02-20,34.65999984741211,34.75
2015-02-23,34.75,34.7400016784668
2015-02-24,34.7400016784668,34.58000183105469
2015-02-25,34.52000045776367,34.189998626708984
2015-02-26,34.040000915527344,33.869998931884766
2015-02-27,33.849998474121094,33.9900016784668
2015-03-02,33.72999954223633,33.09000015258789
2015-03-03,33.06999969482422,33.43000030517578
2015-03-04,33.290000915527344,33.16999816894531
2015-03-05,33.27000045776367,33.2599983215332
2015-03-06,32.81999969482422,32.63999938964844
2015-03-09,32.650001525878906,32.22999954223633
2015-03-10,32.11000061035156,32.0
2015-03-11,32.06999969482422,31.860000610351562
2015-03-12,31.809999465942383,32.130001068115234
2015-03-13,32.11000061035156,31.780000686645508
2015-03-16,31.850000381469727,32.27000045776367
2015-03-17,32.25,32.56999969482422
2015-03-18,32.4900016784668,33.599998474121094
2015-03-19,33.45000076293945,32.9900016784668
2015-03-20,33.08000183105469,33.880001068115234
2015-03-23,33.880001068115234,33.47999954223633
2015-03-24,33.34000015258789,33.060001373291016
2015-03-25,33.16999816894531,32.83000183105469
2015-03-26,32.79999923706055,32.369998931884766
2015-03-27,32.4900016784668,32.70000076293945
2015-03-30,32.86000061035156,32.709999084472656
2015-03-31,32.61000061035156,32.59000015258789
2015-04-01,32.5099983215332,32.5099983215332
2015-04-02,32.59000015258789,33.2599983215332
2015-04-06,33.2599983215332,33.810001373291016
2015-04-07,33.779998779296875,34.0
2015-04-08,34.02000045776367,34.119998931884766
2015-04-09,34.08000183105469,34.290000915527344
2015-04-10,34.40999984741211,34.77000045776367
2015-04-13,34.779998779296875,34.70000076293945
2015-04-14,34.83000183105469,35.060001373291016
2015-04-15,35.20000076293945,35.16999816894531
2015-04-16,35.119998931884766,34.79999923706055
2015-04-17,34.560001373291016,34.83000183105469
2015-04-20,34.97999954223633,35.11000061035156
2015-04-21,35.18000030517578,34.56999969482422
2015-04-22,34.63999938964844,34.599998474121094
2015-04-23,35.099998474121094,35.2400016784668
2015-04-24,35.349998474121094,35.4900016784668
2015-04-27,35.61000061035156,35.20000076293945
2015-04-28,35.15999984741211,35.61000061035156
2015-04-29,35.38999938964844,35.70000076293945
2015-04-30,35.470001220703125,34.810001373291016
2015-05-01,34.90999984741211,35.099998474121094
2015-05-04,35.130001068115234,35.400001525878906
2015-05-05,35.29999923706055,34.400001525878906
2015-05-06,34.599998474121094,34.709999084472656
2015-05-07,34.869998931884766,34.7400016784668
2015-05-08,35.099998474121094,35.099998474121094
2015-05-11,34.97999954223633,35.439998626708984
2015-05-12,35.380001068115234,35.68000030517578
2015-05-13,35.88999938964844,35.290000915527344
2015-05-14,35.5099983215332,36.470001220703125
2015-05-15,36.61000061035156,37.16999816894531
2015-05-18,37.130001068115234,37.33000183105469
2015-05-19,37.189998626708984,37.7599983215332
2015-05-20,37.7400016784668,37.619998931884766
2015-05-21,37.59000015258789,36.95000076293945
2015-05-22,36.810001373291016,36.90999984741211
2015-05-26,36.7599983215332,36.560001373291016
2015-05-27,36.7599983215332,36.849998474121094
2015-05-28,36.72999954223633,37.09000015258789
2015-05-29,36.97999954223633,37.400001525878906
2015-06-01,37.47999954223633,37.040000915527344
2015-06-02,36.880001068115234,36.619998931884766
2015-06-03,36.5,36.33000183105469
2015-06-04,36.310001373291016,36.11000061035156
2015-06-05,35.81999969482422,36.02000045776367
2015-06-08,36.04999923706055,35.97999954223633
2015-06-09,36.029998779296875,35.689998626708984
2015-06-10,35.959999084472656,35.81999969482422
2015-06-11,35.81999969482422,35.88999938964844
2015-06-12,35.79999923706055,35.40999984741211
2015-06-15,35.310001373291016,35.02000045776367
2015-06-16,34.95000076293945,35.02000045776367
2015-06-17,35.18000030517578,35.189998626708984
2015-06-18,35.310001373291016,35.91999816894531
2015-06-19,35.619998931884766,35.709999084472656
2015-06-22,35.81999969482422,35.900001525878906
2015-06-23,35.86000061035156,35.560001373291016
2015-06-24,35.4900016784668,35.150001525878906
2015-06-25,35.25,34.869998931884766
2015-06-26,34.79999923706055,35.06999969482422
2015-06-29,34.959999084472656,34.709999084472656
2015-06-30,34.880001068115234,34.45000076293945
2015-07-01,34.54999923706055,34.25
2015-07-02,34.529998779296875,34.72999954223633
2015-07-06,34.70000076293945,34.58000183105469
2015-07-07,34.56999969482422,35.31999969482422
2015-07-08,35.15999984741211,35.43000030517578
2015-07-09,35.59000015258789,34.81999969482422
2015-07-10,34.900001525878906,35.4900016784668
2015-07-13,35.65999984741211,35.4900016784668
2015-07-14,35.45000076293945,36.04999923706055
2015-07-15,36.0099983215332,36.15999984741211
2015-07-16,36.2400016784668,36.70000076293945
2015-07-17,36.630001068115234,36.150001525878906
2015-07-20,36.119998931884766,35.939998626708984
2015-07-21,35.959999084472656,36.09000015258789
2015-07-22,36.02000045776367,36.04999923706055
2015-07-23,36.08000183105469,35.43000030517578
2015-07-24,35.400001525878906,35.34000015258789
2015-07-27,35.189998626708984,35.560001373291016
2015-07-28,35.58000183105469,35.79999923706055
2015-07-29,35.65999984741211,36.279998779296875
2015-07-30,36.20000076293945,36.599998474121094
2015-07-31,36.91999816894531,36.540000915527344
2015-08-03,36.77000045776367,36.63999938964844
2015-08-04,36.119998931884766,35.130001068115234
2015-08-05,35.130001068115234,35.11000061035156
2015-08-06,35.0099983215332,34.95000076293945
2015-08-07,34.91999816894531,35.13999938964844
2015-08-10,35.20000076293945,35.34000015258789
2015-08-11,35.22999954223633,35.400001525878906
2015-08-12,35.33000183105469,36.13999938964844
2015-08-13,36.02000045776367,35.77000045776367
2015-08-14,35.720001220703125,36.4900016784668
2015-08-17,36.41999816894531,36.83000183105469
2015-08-18,36.7599983215332,36.29999923706055
2015-08-19,36.11000061035156,35.93000030517578
2015-08-20,35.70000076293945,35.099998474121094
2015-08-21,34.779998779296875,34.540000915527344
2015-08-24,33.08000183105469,33.84000015258789
2015-08-25,34.189998626708984,33.25
2015-08-26,34.029998779296875,33.650001525878906
2015-08-27,33.95000076293945,34.41999816894531
2015-08-28,34.29999923706055,34.459999084472656
2015-08-31,34.310001373291016,34.08000183105469
2015-09-01,33.619998931884766,33.560001373291016
2015-09-02,33.90999984741211,33.459999084472656
2015-09-03,33.59000015258789,33.56999969482422
2015-09-04,33.209999084472656,33.5
2015-09-08,33.81999969482422,33.939998626708984
2015-09-09,34.310001373291016,33.630001068115234
2015-09-10,33.779998779296875,33.41999816894531
2015-09-11,33.11000061035156,33.38999938964844
2015-09-14,33.470001220703125,33.45000076293945
2015-09-15,33.52000045776367,33.68000030517578
2015-09-16,33.68000030517578,34.099998474121094
2015-09-17,34.040000915527344,34.45000076293945
2015-09-18,34.119998931884766,34.06999969482422
2015-09-21,34.34000015258789,34.369998931884766
2015-09-22,34.099998474121094,34.189998626708984
2015-09-23,34.16999816894531,33.939998626708984
2015-09-24,33.779998779296875,33.91999816894531
2015-09-25,34.08000183105469,34.33000183105469
2015-09-28,34.310001373291016,33.90999984741211
2015-09-29,33.9900016784668,33.720001220703125
2015-09-30,33.880001068115234,34.81999969482422
2015-10-01,34.9900016784668,34.68000030517578
2015-10-02,34.70000076293945,35.16999816894531
2015-10-05,35.310001373291016,36.16999816894531
2015-10-06,36.380001068115234,35.709999084472656
2015-10-07,35.90999984741211,35.75
2015-10-08,35.68000030517578,35.939998626708984
2015-10-09,35.939998626708984,35.41999816894531
2015-10-12,35.45000076293945,35.66999816894531
2015-10-13,35.540000915527344,35.15999984741211
2015-10-14,35.20000076293945,35.060001373291016
2015-10-15,35.11000061035156,35.790000915527344
2015-10-16,35.880001068115234,35.84000015258789
2015-10-19,35.7400016784668,36.09000015258789
2015-10-20,36.0,36.099998474121094
2015-10-21,36.11000061035156,35.7599983215332
2015-10-22,35.900001525878906,36.11000061035156
2015-10-23,36.209999084472656,35.900001525878906
2015-10-26,35.959999084472656,36.31999969482422
2015-10-27,36.18000030517578,35.790000915527344
2015-10-28,35.83000183105469,36.029998779296875
2015-10-29,35.849998474121094,36.209999084472656
2015-10-30,36.2400016784668,36.66999816894531
2015-11-02,36.709999084472656,36.810001373291016
2015-11-03,36.52000045776367,37.13999938964844
2015-11-04,37.099998474121094,37.310001373291016
2015-11-05,37.27000045776367,36.720001220703125
2015-11-06,36.27000045776367,34.88999938964844
2015-11-09,34.7400016784668,34.79999923706055
2015-11-10,34.209999084472656,34.33000183105469
2015-11-11,34.40999984741211,34.630001068115234
2015-11-12,34.56999969482422,34.060001373291016
2015-11-13,34.06999969482422,34.09000015258789
2015-11-16,34.04999923706055,34.43000030517578
2015-11-17,34.439998626708984,34.130001068115234
2015-11-18,34.25,34.75
2015-11-19,34.84000015258789,34.97999954223633
2015-11-20,35.130001068115234,34.97999954223633
2015-11-23,35.040000915527344,34.88999938964844
2015-11-24,34.869998931884766,34.88999938964844
2015-11-25,34.849998474121094,34.75
2015-11-27,34.880001068115234,34.77000045776367
2015-11-30,34.790000915527344,34.66999816894531
2015-12-01,34.7400016784668,34.68000030517578
2015-12-02,34.70000076293945,33.900001525878906
2015-12-03,33.900001525878906,33.27000045776367
2015-12-04,33.2599983215332,33.5
2015-12-07,33.27000045776367,33.25
2015-12-08,33.09000015258789,33.0099983215332
2015-12-09,33.08000183105469,33.060001373291016
2015-12-10,33.02000045776367,32.45000076293945
2015-12-11,31.969999313354492,31.979999542236328
2015-12-14,32.0,31.670000076293945
2015-12-15,31.799999237060547,32.349998474121094
2015-12-16,32.54999923706055,33.0
2015-12-17,33.0099983215332,32.79999923706055
2015-12-18,32.650001525878906,32.470001220703125
2015-12-21,32.560001373291016,32.540000915527344
2015-12-22,32.619998931884766,33.150001525878906
2015-12-23,33.400001525878906,33.959999084472656
2015-12-24,33.970001220703125,34.11000061035156
2015-12-28,33.970001220703125,34.06999969482422
2015-12-29,34.2599983215332,34.43000030517578
2015-12-30,34.349998474121094,34.2599983215332
2015-12-31,34.2400016784668,33.7599983215332
2016-01-04,33.86000061035156,33.849998474121094
2016-01-05,33.849998474121094,34.099998474121094
2016-01-06,33.779998779296875,34.029998779296875
2016-01-07,33.40999984741211,33.25
2016-01-08,33.16999816894531,33.43000030517578
2016-01-11,33.43000030517578,33.61000061035156
2016-01-12,33.810001373291016,33.27000045776367
2016-01-13,33.310001373291016,32.88999938964844
2016-01-14,32.900001525878906,34.040000915527344
2016-01-15,33.06999969482422,33.279998779296875
2016-01-19,33.5099983215332,33.13999938964844
2016-01-20,32.84000015258789,32.0099983215332
2016-01-21,32.029998779296875,32.060001373291016
2016-01-22,32.36000061035156,33.09000015258789
2016-01-25,32.959999084472656,32.290000915527344
2016-01-26,32.4900016784668,32.75
2016-01-27,32.72999954223633,32.599998474121094
2016-01-28,32.95000076293945,33.119998931884766
2016-01-29,33.38999938964844,34.0
2016-02-01,33.959999084472656,34.11000061035156
2016-02-02,33.720001220703125,34.25
2016-02-03,34.4900016784668,35.34000015258789
2016-02-04,35.349998474121094,35.2400016784668
2016-02-05,35.04999923706055,35.91999816894531
2016-02-08,35.7400016784668,35.84000015258789
2016-02-09,35.61000061035156,36.029998779296875
2016-02-10,36.06999969482422,35.88999938964844
2016-02-11,35.599998474121094,35.45000076293945
2016-02-12,35.47999954223633,35.52000045776367
2016-02-16,36.25,36.16999816894531
2016-02-17,36.2599983215332,36.2599983215332
2016-02-18,36.22999954223633,36.66999816894531
2016-02-19,36.34000015258789,36.220001220703125
2016-02-22,36.41999816894531,36.36000061035156
2016-02-23,36.220001220703125,36.11000061035156
2016-02-24,35.810001373291016,36.59000015258789
2016-02-25,36.619998931884766,36.97999954223633
2016-02-26,37.040000915527344,36.84000015258789
2016-02-29,36.83000183105469,36.959999084472656
2016-03-01,37.130001068115234,37.38999938964844
2016-03-02,37.25,37.95000076293945
2016-03-03,38.0099983215332,38.29999923706055
2016-03-04,38.04999923706055,38.63999938964844
2016-03-07,38.56999969482422,38.540000915527344
2016-03-08,38.630001068115234,38.470001220703125
2016-03-09,38.439998626708984,38.91999816894531
2016-03-10,38.84000015258789,38.709999084472656
2016-03-11,38.81999969482422,38.7400016784668
2016-03-14,38.529998779296875,39.0099983215332
2016-03-15,38.86000061035156,39.2400016784668
2016-03-16,39.220001220703125,39.63999938964844
2016-03-17,39.63999938964844,39.939998626708984
2016-03-18,39.83000183105469,39.83000183105469
2016-03-21,39.63999938964844,39.47999954223633
2016-03-22,39.5,39.560001373291016
2016-03-23,39.560001373291016,39.56999969482422
2016-03-24,39.52000045776367,39.720001220703125
2016-03-28,39.9900016784668,39.83000183105469
2016-03-29,39.810001373291016,40.58000183105469
2016-03-30,40.65999984741211,40.439998626708984
2016-03-31,40.36000061035156,40.290000915527344
2016-04-01,40.11000061035156,41.0
2016-04-04,40.9900016784668,40.18000030517578
2016-04-05,40.04999923706055,39.560001373291016
2016-04-06,39.5099983215332,39.7400016784668
2016-04-07,39.54999923706055,39.970001220703125
2016-04-08,40.18000030517578,40.41999816894531
2016-04-11,40.709999084472656,40.400001525878906
2016-04-12,40.369998931884766,40.83000183105469
2016-04-13,40.959999084472656,41.0099983215332
2016-04-14,40.880001068115234,40.779998779296875
2016-04-15,40.72999954223633,41.029998779296875
2016-04-18,40.959999084472656,41.04999923706055
2016-04-19,41.09000015258789,41.369998931884766
2016-04-20,41.290000915527344,40.439998626708984
2016-04-21,40.439998626708984,39.400001525878906
2016-04-22,39.529998779296875,39.869998931884766
2016-04-25,39.83000183105469,39.959999084472656
2016-04-26,40.09000015258789,40.540000915527344
2016-04-27,40.630001068115234,40.380001068115234
2016-04-28,40.16999816894531,40.349998474121094
2016-04-29,40.0,40.2400016784668
2016-05-02,40.16999816894531,40.09000015258789
2016-05-03,40.58000183105469,39.86000061035156
2016-05-04,39.900001525878906,40.599998474121094
2016-05-05,40.58000183105469,40.72999954223633
2016-05-06,40.599998474121094,40.900001525878906
2016-05-09,40.90999984741211,41.27000045776367
2016-05-10,41.5,41.63999938964844
2016-05-11,41.75,41.720001220703125
2016-05-12,41.790000915527344,41.810001373291016
2016-05-13,41.880001068115234,42.11000061035156
2016-05-16,42.209999084472656,42.88999938964844
2016-05-17,42.779998779296875,42.36000061035156
2016-05-18,42.25,42.220001220703125
2016-05-19,41.9900016784668,42.59000015258789
2016-05-20,42.59000015258789,43.119998931884766
2016-05-23,43.130001068115234,42.599998474121094
2016-05-24,42.77000045776367,43.310001373291016
2016-05-25,43.20000076293945,43.189998626708984
2016-05-26,43.29999923706055,43.380001068115234
2016-05-27,43.47999954223633,43.43000030517578
2016-05-31,43.47999954223633,42.91999816894531
2016-06-01,42.91999816894531,42.95000076293945
2016-06-02,42.88999938964844,43.310001373291016
2016-06-03,43.7400016784668,43.86000061035156
2016-06-06,43.90999984741211,43.7400016784668
2016-06-07,43.79999923706055,43.58000183105469
2016-06-08,43.65999984741211,43.959999084472656
2016-06-09,43.880001068115234,43.939998626708984
2016-06-10,43.810001373291016,43.459999084472656
2016-06-13,43.2400016784668,43.41999816894531
2016-06-14,43.36000061035156,43.790000915527344
2016-06-15,43.790000915527344,43.7400016784668
2016-06-16,43.65999984741211,44.08000183105469
2016-06-17,43.90999984741211,44.27000045776367
2016-06-20,44.349998474121094,43.439998626708984
2016-06-21,43.529998779296875,43.97999954223633
2016-06-22,44.099998474121094,44.09000015258789
2016-06-23,44.06999969482422,44.27000045776367
2016-06-24,43.54999923706055,44.029998779296875
2016-06-27,43.93000030517578,44.060001373291016
2016-06-28,44.27000045776367,44.27000045776367
2016-06-29,44.5,44.43000030517578
2016-06-30,44.59000015258789,45.25
2016-07-01,45.470001220703125,45.220001220703125
2016-07-05,45.220001220703125,44.869998931884766
2016-07-06,44.90999984741211,45.560001373291016
2016-07-07,45.5099983215332,44.79999923706055
2016-07-08,44.689998626708984,44.7400016784668
2016-07-11,44.63999938964844,45.060001373291016
2016-07-12,45.0099983215332,45.029998779296875
2016-07-13,45.279998779296875,45.4900016784668
2016-07-14,45.220001220703125,45.0
2016-07-15,45.040000915527344,45.02000045776367
2016-07-18,45.09000015258789,45.04999923706055
2016-07-19,45.15999984741211,44.959999084472656
2016-07-20,45.0,44.959999084472656
2016-07-21,44.88999938964844,44.95000076293945
2016-07-22,44.970001220703125,45.41999816894531
2016-07-25,45.209999084472656,45.09000015258789
2016-07-26,45.02000045776367,44.9900016784668
2016-07-27,45.06999969482422,44.630001068115234
2016-07-28,44.68000030517578,45.2599983215332
2016-07-29,45.189998626708984,45.2599983215332
2016-08-01,45.16999816894531,45.040000915527344
2016-08-02,45.56999969482422,46.09000015258789
2016-08-03,46.0,46.150001525878906
2016-08-04,46.06999969482422,46.220001220703125
2016-08-05,46.290000915527344,46.0
2016-08-08,45.880001068115234,46.04999923706055
2016-08-09,46.060001373291016,46.13999938964844
2016-08-10,46.099998474121094,46.13999938964844
2016-08-11,46.189998626708984,45.900001525878906
2016-08-12,46.02000045776367,45.849998474121094
2016-08-15,45.90999984741211,45.599998474121094
2016-08-16,45.470001220703125,44.36000061035156
2016-08-17,44.34000015258789,44.43000030517578
2016-08-18,44.56999969482422,45.56999969482422
2016-08-19,45.40999984741211,45.4900016784668
2016-08-22,45.47999954223633,45.5
2016-08-23,45.65999984741211,45.400001525878906
2016-08-24,45.459999084472656,45.34000015258789
2016-08-25,45.400001525878906,45.68000030517578
2016-08-26,45.720001220703125,44.97999954223633
2016-08-29,45.040000915527344,45.599998474121094
2016-08-30,45.599998474121094,45.15999984741211
2016-08-31,45.04999923706055,45.47999954223633
2016-09-01,45.560001373291016,45.4900016784668
2016-09-02,45.75,46.209999084472656
2016-09-06,46.27000045776367,46.56999969482422
2016-09-07,46.630001068115234,46.9900016784668
2016-09-08,46.95000076293945,47.220001220703125
2016-09-09,46.900001525878906,45.400001525878906
2016-09-12,45.310001373291016,46.099998474121094
2016-09-13,45.779998779296875,44.84000015258789
2016-09-14,44.849998474121094,44.77000045776367
2016-09-15,44.88999938964844,45.459999084472656
2016-09-16,45.36000061035156,45.52000045776367
2016-09-19,45.56999969482422,46.15999984741211
2016-09-20,46.439998626708984,46.220001220703125
2016-09-21,46.31999969482422,47.5
2016-09-22,47.869998931884766,48.04999923706055
2016-09-23,47.869998931884766,47.380001068115234
2016-09-26,47.310001373291016,47.18000030517578
2016-09-27,47.25,46.790000915527344
2016-09-28,46.97999954223633,46.77000045776367
2016-09-29,46.709999084472656,45.810001373291016
2016-09-30,46.09000015258789,45.2400016784668
2016-10-03,45.220001220703125,45.0
2016-10-04,45.11000061035156,43.900001525878906
2016-10-05,44.08000183105469,43.790000915527344
2016-10-06,43.72999954223633,44.119998931884766
2016-10-07,44.380001068115234,43.68000030517578
2016-10-10,43.650001525878906,44.099998474121094
2016-10-11,43.90999984741211,42.959999084472656
2016-10-12,43.0,43.5
2016-10-13,43.560001373291016,44.38999938964844
2016-10-14,44.349998474121094,44.56999969482422
2016-10-17,44.59000015258789,44.86000061035156
2016-10-18,45.060001373291016,44.709999084472656
2016-10-19,44.720001220703125,44.880001068115234
2016-10-20,44.90999984741211,44.90999984741211
2016-10-21,44.63999938964844,44.720001220703125
2016-10-24,45.290000915527344,44.65999984741211
2016-10-25,44.56999969482422,45.22999954223633
2016-10-26,45.0,45.599998474121094
2016-10-27,45.349998474121094,44.90999984741211
2016-10-28,44.93000030517578,45.11000061035156
2016-10-31,45.29999923706055,46.290000915527344
2016-11-01,46.2599983215332,45.040000915527344
2016-11-02,44.91999816894531,43.93000030517578
2016-11-03,44.0099983215332,44.709999084472656
2016-11-04,44.93000030517578,44.31999969482422
2016-11-07,44.650001525878906,45.34000015258789
2016-11-08,45.439998626708984,45.720001220703125
2016-11-09,45.119998931884766,45.27000045776367
2016-11-10,44.40999984741211,42.06999969482422
2016-11-11,41.95000076293945,42.310001373291016
2016-11-14,42.52000045776367,43.189998626708984
2016-11-15,43.45000076293945,44.0099983215332
2016-11-16,43.9900016784668,44.04999923706055
2016-11-17,44.189998626708984,44.02000045776367
2016-11-18,44.130001068115234,44.25
2016-11-21,44.439998626708984,45.66999816894531
2016-11-22,45.619998931884766,45.290000915527344
2016-11-23,44.540000915527344,44.70000076293945
2016-11-25,44.849998474121094,45.68000030517578
2016-11-28,45.83000183105469,45.79999923706055
2016-11-29,45.7599983215332,46.34000015258789
2016-11-30,46.20000076293945,44.79999923706055
2016-12-01,44.720001220703125,44.41999816894531
2016-12-02,44.86000061035156,44.58000183105469
2016-12-05,44.65999984741211,44.349998474121094
2016-12-06,44.45000076293945,44.34000015258789
2016-12-07,44.619998931884766,44.95000076293945
2016-12-08,44.65999984741211,45.22999954223633
2016-12-09,45.2400016784668,44.63999938964844
2016-12-12,44.27000045776367,44.779998779296875
2016-12-13,44.83000183105469,45.27000045776367
2016-12-14,45.43000030517578,44.119998931884766
2016-12-15,44.060001373291016,44.86000061035156
2016-12-16,44.900001525878906,45.16999816894531
2016-12-19,45.45000076293945,45.119998931884766
2016-12-20,44.9900016784668,45.13999938964844
2016-12-21,45.119998931884766,45.22999954223633
2016-12-22,45.369998931884766,45.540000915527344
2016-12-23,45.77000045776367,45.79999923706055
2016-12-27,45.599998474121094,45.88999938964844
2016-12-28,45.97999954223633,45.970001220703125
2016-12-29,46.18000030517578,46.47999954223633
2016-12-30,46.470001220703125,46.08000183105469
2017-01-03,46.150001525878906,45.86000061035156
2017-01-04,45.880001068115234,46.290000915527344
2017-01-05,46.29999923706055,46.47999954223633
2017-01-06,46.400001525878906,46.88999938964844
2017-01-09,46.97999954223633,45.439998626708984
2017-01-10,45.41999816894531,45.310001373291016
2017-01-11,45.22999954223633,45.95000076293945
2017-01-12,45.900001525878906,46.16999816894531
2017-01-13,46.08000183105469,46.41999816894531
2017-01-17,46.59000015258789,46.66999816894531
2017-01-18,46.52000045776367,46.689998626708984
2017-01-19,46.41999816894531,46.099998474121094
2017-01-20,46.040000915527344,46.27000045776367
2017-01-23,46.34000015258789,46.0099983215332
2017-01-24,45.970001220703125,46.310001373291016
2017-01-25,46.11000061035156,46.29999923706055
2017-01-26,46.40999984741211,46.41999816894531
2017-01-27,46.619998931884766,45.91999816894531
2017-01-30,45.689998626708984,45.54999923706055
2017-01-31,45.54999923706055,46.369998931884766
2017-02-01,46.27000045776367,45.75
2017-02-02,46.130001068115234,46.83000183105469
2017-02-03,47.150001525878906,47.33000183105469
2017-02-06,47.22999954223633,46.61000061035156
2017-02-07,46.61000061035156,46.81999969482422
2017-02-08,46.869998931884766,47.06999969482422
2017-02-09,47.06999969482422,47.33000183105469
2017-02-10,47.40999984741211,47.86000061035156
2017-02-13,47.849998474121094,47.81999969482422
2017-02-14,47.5099983215332,47.29999923706055
2017-02-15,47.0099983215332,47.290000915527344
2017-02-16,47.369998931884766,47.5
2017-02-17,47.52000045776367,47.459999084472656
2017-02-21,47.2599983215332,47.61000061035156
2017-02-22,47.619998931884766,47.83000183105469
2017-02-23,47.810001373291016,48.41999816894531
2017-02-24,48.33000183105469,48.16999816894531
2017-02-27,48.040000915527344,47.959999084472656
2017-02-28,47.84000015258789,48.22999954223633
2017-03-01,47.810001373291016,48.5099983215332
2017-03-02,48.310001373291016,48.470001220703125
2017-03-03,48.41999816894531,48.31999969482422
2017-03-06,48.099998474121094,48.290000915527344
2017-03-07,48.08000183105469,48.189998626708984
2017-03-08,47.66999816894531,47.29999923706055
2017-03-09,47.33000183105469,47.45000076293945
2017-03-10,47.88999938964844,47.83000183105469
2017-03-13,47.63999938964844,47.61000061035156
2017-03-14,47.529998779296875,47.459999084472656
2017-03-15,47.66999816894531,48.90999984741211
2017-03-16,48.90999984741211,48.349998474121094
2017-03-17,48.369998931884766,49.150001525878906
2017-03-20,49.20000076293945,48.91999816894531
2017-03-21,48.97999954223633,49.45000076293945
2017-03-22,49.52000045776367,49.650001525878906
2017-03-23,49.52000045776367,49.97999954223633
2017-03-24,50.08000183105469,49.970001220703125
2017-03-27,50.02000045776367,49.95000076293945
2017-03-28,49.630001068115234,49.63999938964844
2017-03-29,49.63999938964844,49.72999954223633
2017-03-30,49.7599983215332,49.560001373291016
2017-03-31,49.560001373291016,49.400001525878906
2017-04-03,49.380001068115234,49.81999969482422
2017-04-04,49.5099983215332,49.709999084472656
2017-04-05,49.650001525878906,49.93000030517578
2017-04-06,49.81999969482422,49.91999816894531
2017-04-07,49.88999938964844,49.7599983215332
2017-04-10,49.68000030517578,49.849998474121094
2017-04-11,49.849998474121094,49.939998626708984
2017-04-12,49.81999969482422,49.900001525878906
2017-04-13,49.77000045776367,49.470001220703125
2017-04-17,49.5,49.79999923706055
2017-04-18,49.66999816894531,49.619998931884766
2017-04-19,49.58000183105469,49.43000030517578
2017-04-20,49.31999969482422,49.400001525878906
2017-04-21,49.290000915527344,49.25
2017-04-24,49.459999084472656,49.58000183105469
2017-04-25,49.470001220703125,49.65999984741211
2017-04-26,49.779998779296875,49.90999984741211
2017-04-27,49.869998931884766,50.130001068115234
2017-04-28,50.150001525878906,50.15999984741211
2017-05-01,50.369998931884766,49.939998626708984
2017-05-02,49.33000183105469,48.72999954223633
2017-05-03,48.86000061035156,48.61000061035156
2017-05-04,48.599998474121094,48.560001373291016
2017-05-05,48.79999923706055,49.5099983215332
2017-05-08,49.540000915527344,49.68000030517578
2017-05-09,49.689998626708984,49.27000045776367
2017-05-10,49.380001068115234,49.220001220703125
2017-05-11,49.06999969482422,49.13999938964844
2017-05-12,49.18000030517578,49.119998931884766
2017-05-15,49.119998931884766,48.97999954223633
2017-05-16,48.97999954223633,48.34000015258789
2017-05-17,48.34000015258789,47.77000045776367
2017-05-18,47.630001068115234,47.65999984741211
2017-05-19,47.77000045776367,48.08000183105469
2017-05-22,48.16999816894531,48.70000076293945
2017-05-23,48.939998626708984,49.470001220703125
2017-05-24,49.529998779296875,50.099998474121094
2017-05-25,50.189998626708984,50.95000076293945
2017-05-26,50.95000076293945,50.41999816894531
2017-05-30,50.31999969482422,51.099998474121094
2017-05-31,51.130001068115234,51.18000030517578
2017-06-01,51.369998931884766,51.52000045776367
2017-06-02,51.70000076293945,51.68000030517578
2017-06-05,51.65999984741211,50.86000061035156
2017-06-06,50.970001220703125,50.630001068115234
2017-06-07,50.7400016784668,50.369998931884766
2017-06-08,50.29999923706055,49.88999938964844
2017-06-09,49.7599983215332,49.7400016784668
2017-06-12,49.689998626708984,49.75
2017-06-13,49.65999984741211,50.09000015258789
2017-06-14,50.470001220703125,51.0
2017-06-15,50.630001068115234,50.79999923706055
2017-06-16,50.939998626708984,51.58000183105469
2017-06-19,51.459999084472656,51.209999084472656
2017-06-20,51.099998474121094,50.29999923706055
2017-06-21,50.279998779296875,49.7400016784668
2017-06-22,49.88999938964844,49.22999954223633
2017-06-23,49.02000045776367,49.20000076293945
2017-06-26,49.33000183105469,49.68000030517578
2017-06-27,49.43000030517578,49.43000030517578
2017-06-28,49.81999969482422,49.02000045776367
2017-06-29,48.63999938964844,48.459999084472656
2017-06-30,48.63999938964844,48.40999984741211
2017-07-03,48.7400016784668,48.5099983215332
2017-07-05,48.5099983215332,48.02000045776367
2017-07-06,47.90999984741211,48.08000183105469
2017-07-07,48.04999923706055,48.2599983215332
2017-07-10,48.38999938964844,48.150001525878906
2017-07-11,48.220001220703125,48.119998931884766
2017-07-12,48.72999954223633,48.91999816894531
2017-07-13,48.93000030517578,48.7400016784668
2017-07-14,49.099998474121094,48.939998626708984
2017-07-17,48.95000076293945,49.27000045776367
2017-07-18,49.2599983215332,49.29999923706055
2017-07-19,49.29999923706055,49.619998931884766
2017-07-20,49.75,50.150001525878906
2017-07-21,50.220001220703125,50.689998626708984
2017-07-24,50.59000015258789,50.33000183105469
2017-07-25,50.31999969482422,50.68000030517578
2017-07-26,50.68000030517578,50.7400016784668
2017-07-27,50.689998626708984,50.599998474121094
2017-07-28,50.5,50.400001525878906
2017-07-31,50.380001068115234,50.470001220703125
2017-08-01,50.66999816894531,50.93000030517578
2017-08-02,50.88999938964844,50.7599983215332
2017-08-03,49.599998474121094,48.16999816894531
2017-08-04,48.130001068115234,48.4900016784668
2017-08-07,48.439998626708984,48.0099983215332
2017-08-08,48.040000915527344,48.0099983215332
2017-08-09,48.0,48.0099983215332
2017-08-10,47.939998626708984,48.16999816894531
2017-08-11,47.95000076293945,47.88999938964844
2017-08-14,48.119998931884766,48.310001373291016
2017-08-15,48.16999816894531,48.2400016784668
2017-08-16,48.22999954223633,49.0099983215332
2017-08-17,49.04999923706055,48.56999969482422
2017-08-18,48.630001068115234,48.880001068115234
2017-08-21,48.880001068115234,48.959999084472656
2017-08-22,49.0,49.34000015258789
2017-08-23,49.25,49.369998931884766
2017-08-24,49.380001068115234,49.470001220703125
2017-08-25,49.56999969482422,49.38999938964844
2017-08-28,49.310001373291016,49.40999984741211
2017-08-29,49.400001525878906,49.59000015258789
2017-08-30,49.58000183105469,49.130001068115234
2017-08-31,49.2400016784668,49.40999984741211
2017-09-01,49.63999938964844,49.209999084472656
2017-09-05,49.41999816894531,49.040000915527344
2017-09-06,49.18000030517578,48.52000045776367
2017-09-07,48.66999816894531,48.77000045776367
2017-09-08,48.709999084472656,48.709999084472656
2017-09-11,48.77000045776367,49.439998626708984
2017-09-12,49.599998474121094,48.900001525878906
2017-09-13,48.869998931884766,48.400001525878906
2017-09-14,48.2400016784668,48.5
2017-09-15,48.630001068115234,48.27000045776367
2017-09-18,48.290000915527344,47.90999984741211
2017-09-19,47.95000076293945,47.7400016784668
2017-09-20,47.86000061035156,47.56999969482422
2017-09-21,47.59000015258789,47.34000015258789
2017-09-22,47.439998626708984,47.060001373291016
2017-09-25,47.0,47.68000030517578
2017-09-26,47.70000076293945,47.709999084472656
2017-09-27,47.54999923706055,47.130001068115234
2017-09-28,47.09000015258789,47.13999938964844
2017-09-29,46.97999954223633,46.86000061035156
2017-10-02,46.869998931884766,47.43000030517578
2017-10-03,47.45000076293945,46.779998779296875
2017-10-04,47.029998779296875,47.060001373291016
2017-10-05,47.04999923706055,46.790000915527344
2017-10-06,46.790000915527344,46.70000076293945
2017-10-09,46.66999816894531,46.849998474121094
2017-10-10,46.959999084472656,46.97999954223633
2017-10-11,47.0,47.040000915527344
2017-10-12,47.040000915527344,47.43000030517578
2017-10-13,47.7599983215332,47.400001525878906
2017-10-16,47.31999969482422,47.31999969482422
2017-10-17,47.290000915527344,47.68000030517578
2017-10-18,47.65999984741211,47.959999084472656
2017-10-19,48.029998779296875,48.34000015258789
2017-10-20,48.29999923706055,48.09000015258789
2017-10-23,48.09000015258789,47.79999923706055
2017-10-24,47.779998779296875,47.90999984741211
2017-10-25,47.849998474121094,47.66999816894531
2017-10-26,47.77000045776367,48.2400016784668
2017-10-27,47.97999954223633,48.47999954223633
2017-10-30,48.5,48.11000061035156
2017-10-31,48.119998931884766,47.86000061035156
2017-11-01,48.130001068115234,47.86000061035156
2017-11-02,47.90999984741211,47.560001373291016
2017-11-03,47.54999923706055,47.59000015258789
2017-11-06,47.70000076293945,47.63999938964844
2017-11-07,47.65999984741211,48.029998779296875
2017-11-08,47.77000045776367,48.029998779296875
2017-11-09,48.59000015258789,47.97999954223633
2017-11-10,47.88999938964844,47.91999816894531
2017-11-13,47.93000030517578,48.310001373291016
2017-11-14,48.25,48.709999084472656
2017-11-15,48.709999084472656,47.88999938964844
2017-11-16,48.060001373291016,48.06999969482422
2017-11-17,48.11000061035156,47.970001220703125
2017-11-20,47.97999954223633,47.70000076293945
2017-11-21,47.779998779296875,47.560001373291016
2017-11-22,47.709999084472656,47.72999954223633
2017-11-24,47.900001525878906,47.45000076293945
2017-11-27,47.41999816894531,47.88999938964844
2017-11-28,47.849998474121094,47.93000030517578
2017-11-29,47.86000061035156,47.9900016784668
2017-11-30,47.970001220703125,49.0099983215332
2017-12-01,49.09000015258789,48.619998931884766
2017-12-04,48.7599983215332,48.97999954223633
2017-12-05,48.90999984741211,48.810001373291016
2017-12-06,48.91999816894531,49.27000045776367
2017-12-07,49.310001373291016,49.63999938964844
2017-12-08,49.560001373291016,49.599998474121094
2017-12-11,49.619998931884766,49.400001525878906
2017-12-12,49.31999969482422,48.31999969482422
2017-12-13,48.15999984741211,48.099998474121094
2017-12-14,47.95000076293945,47.310001373291016
2017-12-15,47.650001525878906,47.93000030517578
2017-12-18,47.959999084472656,47.220001220703125
2017-12-19,47.16999816894531,46.790000915527344
2017-12-20,46.970001220703125,46.900001525878906
2017-12-21,46.88999938964844,46.779998779296875
2017-12-22,46.91999816894531,47.02000045776367
2017-12-26,46.779998779296875,46.47999954223633
2017-12-27,46.47999954223633,46.58000183105469
2017-12-28,46.689998626708984,47.040000915527344
2017-12-29,47.029998779296875,46.95000076293945
2018-01-02,47.04999923706055,47.47999954223633
2018-01-03,47.47999954223633,47.369998931884766
2018-01-04,47.560001373291016,47.599998474121094
2018-01-05,47.7599983215332,47.54999923706055
2018-01-08,47.63999938964844,47.93000030517578
2018-01-09,47.88999938964844,47.790000915527344
2018-01-10,47.68000030517578,47.349998474121094
2018-01-11,47.29999923706055,47.599998474121094
2018-01-12,47.529998779296875,47.34000015258789
2018-01-16,47.40999984741211,46.939998626708984
2018-01-17,47.08000183105469,47.060001373291016
2018-01-18,46.93000030517578,46.31999969482422
2018-01-19,46.310001373291016,45.720001220703125
2018-01-22,45.90999984741211,46.189998626708984
2018-01-23,46.27000045776367,46.540000915527344
2018-01-24,46.59000015258789,46.630001068115234
2018-01-25,46.84000015258789,47.54999923706055
2018-01-26,47.5099983215332,46.86000061035156
2018-01-29,46.79999923706055,46.310001373291016
2018-01-30,46.349998474121094,45.7400016784668
2018-01-31,45.9900016784668,45.77000045776367
2018-02-01,47.380001068115234,46.060001373291016
2018-02-02,46.02000045776367,45.70000076293945
2018-02-05,45.56999969482422,44.790000915527344
2018-02-06,44.34000015258789,44.209999084472656
2018-02-07,44.16999816894531,43.41999816894531
2018-02-08,43.40999984741211,42.529998779296875
2018-02-09,42.97999954223633,44.0099983215332
2018-02-12,44.08000183105469,43.290000915527344
2018-02-13,43.11000061035156,43.400001525878906
2018-02-14,43.08000183105469,43.25
2018-02-15,43.380001068115234,43.779998779296875
2018-02-16,43.689998626708984,43.70000076293945
2018-02-20,43.66999816894531,43.220001220703125
2018-02-21,43.349998474121094,42.75
2018-02-22,42.86000061035156,43.16999816894531
2018-02-23,43.400001525878906,44.150001525878906
2018-02-26,44.099998474121094,43.810001373291016
2018-02-27,43.97999954223633,43.400001525878906
2018-02-28,43.619998931884766,43.09000015258789
2018-03-01,43.380001068115234,43.290000915527344
2018-03-02,43.22999954223633,42.970001220703125
2018-03-05,42.939998626708984,43.79999923706055
2018-03-06,43.720001220703125,43.52000045776367
2018-03-07,43.34000015258789,43.650001525878906
2018-03-08,43.84000015258789,43.65999984741211
2018-03-09,43.75,43.93000030517578
2018-03-12,43.970001220703125,44.25
2018-03-13,44.36000061035156,44.189998626708984
2018-03-14,44.099998474121094,43.93000030517578
2018-03-15,43.88999938964844,43.41999816894531
2018-03-16,43.43000030517578,44.15999984741211
2018-03-19,44.150001525878906,43.95000076293945
2018-03-20,43.959999084472656,43.5
2018-03-21,43.54999923706055,43.56999969482422
2018-03-22,43.4900016784668,43.47999954223633
2018-03-23,43.54999923706055,42.86000061035156
2018-03-26,42.9900016784668,43.2400016784668
2018-03-27,43.41999816894531,43.61000061035156
2018-03-28,43.810001373291016,44.18000030517578
2018-03-29,44.20000076293945,44.41999816894531
2018-04-02,44.459999084472656,43.95000076293945
2018-04-03,44.0099983215332,44.38999938964844
2018-04-04,44.15999984741211,44.400001525878906
2018-04-05,44.529998779296875,44.61000061035156
2018-04-06,44.54999923706055,44.25
2018-04-09,44.33000183105469,44.27000045776367
2018-04-10,44.310001373291016,44.59000015258789
2018-04-11,44.59000015258789,44.52000045776367
2018-04-12,44.52000045776367,44.75
2018-04-13,44.900001525878906,44.900001525878906
2018-04-16,44.959999084472656,45.849998474121094
2018-04-17,46.06999969482422,46.02000045776367
2018-04-18,46.08000183105469,45.75
2018-04-19,45.75,45.779998779296875
2018-04-20,46.310001373291016,46.33000183105469
2018-04-23,46.439998626708984,46.900001525878906
2018-04-24,46.77000045776367,47.0
2018-04-25,47.08000183105469,47.290000915527344
2018-04-26,47.29999923706055,48.06999969482422
2018-04-27,47.9900016784668,48.5
2018-04-30,48.59000015258789,48.38999938964844
2018-05-01,48.34000015258789,48.2599983215332
2018-05-02,48.2599983215332,48.2599983215332
2018-05-03,47.83000183105469,48.65999984741211
2018-05-04,48.70000076293945,48.31999969482422
2018-05-07,48.38999938964844,48.38999938964844
2018-05-08,48.40999984741211,48.349998474121094
2018-05-09,48.439998626708984,48.36000061035156
2018-05-10,48.689998626708984,49.689998626708984
2018-05-11,49.66999816894531,49.93000030517578
2018-05-14,49.970001220703125,49.9900016784668
2018-05-15,49.81999969482422,49.40999984741211
2018-05-16,49.47999954223633,49.04999923706055
2018-05-17,49.060001373291016,48.83000183105469
2018-05-18,49.0,48.86000061035156
2018-05-21,49.099998474121094,49.029998779296875
2018-05-22,49.060001373291016,49.189998626708984
2018-05-23,49.2400016784668,49.33000183105469
2018-05-24,49.27000045776367,50.029998779296875
2018-05-25,50.040000915527344,49.88999938964844
2018-05-29,49.81999969482422,50.40999984741211
2018-05-30,50.40999984741211,51.099998474121094
2018-05-31,51.099998474121094,50.470001220703125
2018-06-01,50.540000915527344,50.439998626708984
2018-06-04,50.5,50.04999923706055
2018-06-05,49.61000061035156,49.209999084472656
2018-06-06,49.130001068115234,48.529998779296875
2018-06-07,48.52000045776367,48.630001068115234
2018-06-08,48.75,48.810001373291016
2018-06-11,48.91999816894531,48.56999969482422
2018-06-12,48.59000015258789,49.279998779296875
2018-06-13,49.369998931884766,48.93000030517578
2018-06-14,48.849998474121094,49.25
2018-06-15,49.2400016784668,49.77000045776367
2018-06-18,49.52000045776367,49.91999816894531
2018-06-19,49.7400016784668,50.61000061035156
2018-06-20,51.0099983215332,51.150001525878906
2018-06-21,51.06999969482422,51.290000915527344
2018-06-22,51.470001220703125,51.560001373291016
2018-06-25,51.900001525878906,52.2400016784668
2018-06-26,52.04999923706055,52.08000183105469
2018-06-27,52.11000061035156,52.09000015258789
2018-06-28,52.150001525878906,52.06999969482422
2018-06-29,52.060001373291016,52.06999969482422
2018-07-02,52.02000045776367,52.869998931884766
2018-07-03,52.91999816894531,52.79999923706055
2018-07-05,52.900001525878906,53.27000045776367
2018-07-06,53.38999938964844,53.93000030517578
2018-07-09,53.90999984741211,52.369998931884766
2018-07-10,52.52000045776367,53.11000061035156
2018-07-11,53.0,53.13999938964844
2018-07-12,53.25,52.880001068115234
2018-07-13,52.97999954223633,52.7599983215332
2018-07-16,52.77000045776367,52.58000183105469
2018-07-17,52.689998626708984,52.45000076293945
2018-07-18,52.47999954223633,52.68000030517578
2018-07-19,52.72999954223633,53.150001525878906
2018-07-20,53.06999969482422,52.970001220703125
2018-07-23,52.84000015258789,52.81999969482422
2018-07-24,52.75,52.7400016784668
2018-07-25,52.65999984741211,52.709999084472656
2018-07-26,52.93000030517578,52.90999984741211
2018-07-27,52.84000015258789,52.58000183105469
2018-07-30,52.650001525878906,52.47999954223633
2018-07-31,52.61000061035156,53.13999938964844
2018-08-01,53.13999938964844,52.900001525878906
2018-08-02,51.91999816894531,52.43000030517578
2018-08-03,51.91999816894531,52.84000015258789
2018-08-06,52.900001525878906,53.459999084472656
2018-08-07,53.439998626708984,53.959999084472656
2018-08-08,53.79999923706055,53.88999938964844
2018-08-09,54.0,54.61000061035156
2018-08-10,54.630001068115234,54.290000915527344
2018-08-13,54.29999923706055,54.52000045776367
2018-08-14,54.2599983215332,54.66999816894531
2018-08-15,54.75,54.650001525878906
2018-08-16,54.810001373291016,55.27000045776367
2018-08-17,55.220001220703125,55.470001220703125
2018-08-20,55.63999938964844,55.58000183105469
2018-08-21,55.56999969482422,54.84000015258789
2018-08-22,54.810001373291016,54.84000015258789
2018-08-23,54.84000015258789,54.52000045776367
2018-08-24,54.529998779296875,54.47999954223633
2018-08-27,54.54999923706055,54.06999969482422
2018-08-28,54.029998779296875,53.83000183105469
2018-08-29,54.0099983215332,54.02000045776367
2018-08-30,54.04999923706055,54.0
2018-08-31,53.90999984741211,54.04999923706055
2018-09-04,54.099998474121094,54.15999984741211
2018-09-05,54.18000030517578,54.650001525878906
2018-09-06,54.7400016784668,55.13999938964844
2018-09-07,54.939998626708984,54.15999984741211
2018-09-10,54.15999984741211,53.59000015258789
2018-09-11,53.5,54.4900016784668
2018-09-12,54.59000015258789,54.63999938964844
2018-09-13,54.47999954223633,55.33000183105469
2018-09-14,55.16999816894531,55.18000030517578
2018-09-17,55.209999084472656,55.130001068115234
2018-09-18,55.08000183105469,55.0
2018-09-19,55.060001373291016,53.7599983215332
2018-09-20,53.79999923706055,54.209999084472656
2018-09-21,54.220001220703125,54.43000030517578
2018-09-24,54.470001220703125,54.66999816894531
2018-09-25,54.84000015258789,54.34000015258789
2018-09-26,54.689998626708984,54.29999923706055
2018-09-27,54.380001068115234,54.880001068115234
2018-09-28,55.0,55.47999954223633
2018-10-01,55.380001068115234,55.0
2018-10-02,55.08000183105469,55.08000183105469
2018-10-03,55.0099983215332,55.18000030517578
2018-10-04,54.959999084472656,54.95000076293945
2018-10-05,54.91999816894531,55.33000183105469
2018-10-08,55.33000183105469,55.56999969482422
2018-10-09,55.61000061035156,55.560001373291016
2018-10-10,55.310001373291016,55.25
2018-10-11,55.25,53.72999954223633
2018-10-12,53.970001220703125,53.38999938964844
2018-10-15,53.36000061035156,53.86000061035156
2018-10-16,53.79999923706055,54.349998474121094
2018-10-17,54.369998931884766,54.81999969482422
2018-10-18,54.630001068115234,55.11000061035156
2018-10-19,55.18000030517578,55.970001220703125
2018-10-22,55.970001220703125,55.290000915527344
2018-10-23,55.11000061035156,55.310001373291016
2018-10-24,55.5,55.290000915527344
2018-10-25,55.33000183105469,54.310001373291016
2018-10-26,54.29999923706055,53.25
2018-10-29,53.310001373291016,53.40999984741211
2018-10-30,53.61000061035156,53.52000045776367
2018-10-31,53.540000915527344,53.060001373291016
2018-11-01,53.150001525878906,53.650001525878906
2018-11-02,53.869998931884766,53.84000015258789
2018-11-05,54.0099983215332,54.5
2018-11-06,54.4900016784668,55.119998931884766
2018-11-07,55.36000061035156,55.630001068115234
2018-11-08,55.689998626708984,55.36000061035156
2018-11-09,54.959999084472656,56.029998779296875
2018-11-12,55.97999954223633,56.52000045776367
2018-11-13,57.09000015258789,57.939998626708984
2018-11-14,58.0,56.90999984741211
2018-11-15,56.779998779296875,56.9900016784668
2018-11-16,57.0,56.93000030517578
2018-11-19,56.9900016784668,57.22999954223633
2018-11-20,57.15999984741211,56.52000045776367
2018-11-21,56.459999084472656,56.720001220703125
2018-11-23,56.66999816894531,56.45000076293945
2018-11-26,56.470001220703125,56.84000015258789
2018-11-27,56.68000030517578,56.939998626708984
2018-11-28,57.0,57.02000045776367
2018-11-29,56.880001068115234,56.77000045776367
2018-11-30,56.650001525878906,57.45000076293945
2018-12-03,57.630001068115234,57.59000015258789
2018-12-04,57.97999954223633,58.18000030517578
2018-12-06,58.33000183105469,58.560001373291016
2018-12-07,58.650001525878906,58.959999084472656
2018-12-10,58.959999084472656,58.7599983215332
2018-12-11,58.93000030517578,58.560001373291016
2018-12-12,58.709999084472656,58.439998626708984
2018-12-13,58.15999984741211,58.029998779296875
2018-12-14,57.4900016784668,57.27000045776367
2018-12-17,57.31999969482422,55.209999084472656
2018-12-18,55.2400016784668,54.7599983215332
2018-12-19,55.0099983215332,55.34000015258789
2018-12-20,55.34000015258789,55.7599983215332
2018-12-21,55.959999084472656,55.83000183105469
2018-12-24,55.75,51.95000076293945
2018-12-26,52.08000183105469,52.15999984741211
2018-12-27,52.040000915527344,52.45000076293945
2018-12-28,52.4900016784668,52.470001220703125
2018-12-31,52.65999984741211,53.349998474121094
2019-01-02,53.15999984741211,52.2599983215332
2019-01-03,52.2400016784668,52.90999984741211
2019-01-04,52.689998626708984,54.060001373291016
2019-01-07,53.93000030517578,54.16999816894531
2019-01-08,54.36000061035156,54.58000183105469
2019-01-09,54.54999923706055,54.02000045776367
2019-01-10,54.18000030517578,55.029998779296875
2019-01-11,55.099998474121094,54.33000183105469
2019-01-14,54.08000183105469,53.59000015258789
2019-01-15,53.630001068115234,54.2400016784668
2019-01-16,54.279998779296875,54.72999954223633
2019-01-17,54.4900016784668,55.349998474121094
2019-01-18,55.33000183105469,55.22999954223633
2019-01-22,55.4900016784668,55.630001068115234
2019-01-23,55.54999923706055,55.630001068115234
2019-01-24,55.689998626708984,56.540000915527344
2019-01-25,56.540000915527344,55.95000076293945
2019-01-28,55.90999984741211,55.65999984741211
2019-01-29,55.560001373291016,55.459999084472656
2019-01-30,55.4900016784668,56.25
2019-01-31,56.2599983215332,57.029998779296875
2019-02-01,56.84000015258789,57.060001373291016
2019-02-04,56.84000015258789,56.65999984741211
2019-02-05,56.630001068115234,56.939998626708984
2019-02-06,55.209999084472656,52.2400016784668
2019-02-07,52.04999923706055,52.560001373291016
2019-02-08,52.790000915527344,53.209999084472656
2019-02-11,52.970001220703125,52.75
2019-02-12,52.77000045776367,52.2400016784668
2019-02-13,52.15999984741211,53.0
2019-02-14,53.209999084472656,53.029998779296875
2019-02-15,53.029998779296875,53.439998626708984
2019-02-19,53.56999969482422,53.540000915527344
2019-02-20,53.439998626708984,53.459999084472656
2019-02-21,53.31999969482422,53.7599983215332
2019-02-22,53.880001068115234,54.36000061035156
2019-02-25,55.0,54.72999954223633
2019-02-26,54.90999984741211,54.59000015258789
2019-02-27,54.27000045776367,55.11000061035156
2019-02-28,55.130001068115234,54.900001525878906
2019-03-01,54.959999084472656,54.5
2019-03-04,54.70000076293945,54.900001525878906
2019-03-05,54.72999954223633,54.540000915527344
2019-03-06,54.59000015258789,54.04999923706055
2019-03-07,54.40999984741211,54.540000915527344
2019-03-08,54.470001220703125,54.59000015258789
2019-03-11,54.5099983215332,54.869998931884766
2019-03-12,54.79999923706055,54.68000030517578
2019-03-13,54.650001525878906,55.0099983215332
2019-03-14,54.779998779296875,54.79999923706055
2019-03-15,54.86000061035156,55.0
2019-03-18,55.04999923706055,55.15999984741211
2019-03-19,55.18000030517578,54.7599983215332
2019-03-20,54.709999084472656,54.4900016784668
2019-03-21,54.43000030517578,55.70000076293945
2019-03-22,55.81999969482422,55.689998626708984
2019-03-25,55.63999938964844,55.959999084472656
2019-03-26,56.06999969482422,56.400001525878906
2019-03-27,56.41999816894531,56.27000045776367
2019-03-28,56.09000015258789,55.459999084472656
2019-03-29,55.439998626708984,55.41999816894531
2019-04-01,55.439998626708984,55.38999938964844
2019-04-02,51.91999816894531,51.31999969482422
2019-04-03,50.84000015258789,52.290000915527344
2019-04-04,52.40999984741211,52.5
2019-04-05,52.869998931884766,53.029998779296875
2019-04-08,52.869998931884766,53.02000045776367
2019-04-09,52.7400016784668,53.099998474121094
2019-04-10,53.18000030517578,52.869998931884766
2019-04-11,52.72999954223633,52.880001068115234
2019-04-12,52.939998626708984,53.189998626708984
2019-04-15,53.20000076293945,53.06999969482422
2019-04-16,53.099998474121094,52.779998779296875
2019-04-17,52.86000061035156,52.34000015258789
2019-04-18,52.43000030517578,52.5099983215332
2019-04-22,52.5099983215332,52.709999084472656
2019-04-23,52.86000061035156,53.18000030517578
2019-04-24,53.279998779296875,53.77000045776367
2019-04-25,53.59000015258789,53.7400016784668
2019-04-26,53.88999938964844,53.779998779296875
2019-04-29,53.61000061035156,53.5099983215332
2019-04-30,53.65999984741211,54.5099983215332
2019-05-01,54.650001525878906,54.06999969482422
2019-05-02,54.099998474121094,53.93000030517578
2019-05-03,54.08000183105469,54.709999084472656
2019-05-06,54.77000045776367,54.959999084472656
2019-05-07,54.619998931884766,53.91999816894531
2019-05-08,54.0,53.16999816894531
2019-05-09,53.38999938964844,54.0099983215332
2019-05-10,54.09000015258789,55.0099983215332
2019-05-13,54.689998626708984,54.33000183105469
2019-05-14,54.20000076293945,54.130001068115234
2019-05-15,54.43000030517578,53.880001068115234
2019-05-16,53.75,54.22999954223633
2019-05-17,54.08000183105469,53.91999816894531
2019-05-20,53.779998779296875,53.220001220703125
2019-05-21,53.22999954223633,53.470001220703125
2019-05-22,53.56999969482422,53.56999969482422
2019-05-23,53.529998779296875,52.45000076293945
2019-05-24,52.599998474121094,53.2400016784668
2019-05-28,53.2599983215332,52.84000015258789
2019-05-29,52.90999984741211,51.4900016784668
2019-05-30,51.5,51.209999084472656
2019-05-31,51.04999923706055,51.61000061035156
2019-06-03,51.810001373291016,52.349998474121094
2019-06-04,52.599998474121094,52.540000915527344
2019-06-05,52.54999923706055,53.15999984741211
2019-06-06,53.400001525878906,53.68000030517578
2019-06-07,54.220001220703125,53.709999084472656
2019-06-10,53.52000045776367,52.65999984741211
2019-06-11,52.58000183105469,52.5
2019-06-12,52.63999938964844,52.970001220703125
2019-06-13,52.84000015258789,52.720001220703125
2019-06-14,52.81999969482422,53.04999923706055
2019-06-17,52.88999938964844,52.63999938964844
2019-06-18,53.209999084472656,52.369998931884766
2019-06-19,52.33000183105469,52.810001373291016
2019-06-20,53.220001220703125,53.09000015258789
2019-06-21,52.720001220703125,53.849998474121094
2019-06-24,53.91999816894531,53.400001525878906
2019-06-25,53.560001373291016,54.0099983215332
2019-06-26,53.90999984741211,52.400001525878906
2019-06-27,52.56999969482422,52.810001373291016
2019-06-28,52.790000915527344,53.40999984741211
2019-07-01,53.5,53.33000183105469
2019-07-02,53.56999969482422,53.9900016784668
2019-07-03,53.63999938964844,52.43000030517578
2019-07-05,52.150001525878906,52.900001525878906
2019-07-08,52.84000015258789,53.209999084472656
2019-07-09,53.099998474121094,53.040000915527344
2019-07-10,53.2599983215332,53.09000015258789
2019-07-11,53.06999969482422,53.15999984741211
2019-07-12,53.2400016784668,52.900001525878906
2019-07-15,52.97999954223633,52.650001525878906
2019-07-16,52.56999969482422,52.599998474121094
2019-07-17,52.86000061035156,51.959999084472656
2019-07-18,51.810001373291016,51.58000183105469
2019-07-19,51.29999923706055,50.279998779296875
2019-07-22,50.47999954223633,49.9900016784668
2019-07-23,50.11000061035156,50.2400016784668
2019-07-24,50.310001373291016,50.599998474121094
2019-07-25,50.599998474121094,50.68000030517578
2019-07-26,50.81999969482422,50.91999816894531
2019-07-29,50.9900016784668,51.40999984741211
2019-07-30,51.43000030517578,51.209999084472656
2019-07-31,51.439998626708984,51.09000015258789
2019-08-01,51.04999923706055,51.400001525878906
2019-08-02,51.43000030517578,51.15999984741211
2019-08-05,51.04999923706055,49.41999816894531
2019-08-06,49.130001068115234,47.66999816894531
2019-08-07,47.5,47.560001373291016
2019-08-08,47.40999984741211,48.599998474121094
2019-08-09,48.459999084472656,47.61000061035156
2019-08-12,47.70000076293945,47.31999969482422
2019-08-13,46.91999816894531,47.04999923706055
2019-08-14,47.029998779296875,46.5
2019-08-15,46.5,46.54999923706055
2019-08-16,46.83000183105469,48.209999084472656
2019-08-19,48.22999954223633,48.91999816894531
2019-08-20,49.09000015258789,48.47999954223633
2019-08-21,48.79999923706055,49.08000183105469
2019-08-22,48.900001525878906,48.849998474121094
2019-08-23,49.959999084472656,48.459999084472656
2019-08-26,48.540000915527344,48.34000015258789
2019-08-27,48.41999816894531,47.54999923706055
2019-08-28,47.54999923706055,47.70000076293945
2019-08-29,47.810001373291016,47.93000030517578
2019-08-30,47.97999954223633,48.66999816894531
2019-09-03,48.56999969482422,48.13999938964844
2019-09-04,48.38999938964844,48.02000045776367
2019-09-05,47.63999938964844,48.06999969482422
2019-09-06,48.27000045776367,48.0
2019-09-09,48.0,48.349998474121094
2019-09-10,48.36000061035156,48.70000076293945
2019-09-11,48.380001068115234,49.150001525878906
2019-09-12,49.5,49.310001373291016
2019-09-13,49.15999984741211,49.72999954223633
2019-09-16,49.75,50.33000183105469
2019-09-17,50.279998779296875,50.04999923706055
2019-09-18,50.20000076293945,50.45000076293945
2019-09-19,50.619998931884766,50.459999084472656
2019-09-20,50.619998931884766,49.77000045776367
2019-09-23,49.880001068115234,50.27000045776367
2019-09-24,50.209999084472656,50.630001068115234
2019-09-25,50.36000061035156,50.869998931884766
2019-09-26,51.0,50.72999954223633
2019-09-27,50.65999984741211,50.45000076293945
2019-09-30,50.31999969482422,50.27000045776367
2019-10-01,50.20000076293945,49.29999923706055
2019-10-02,49.31999969482422,48.2400016784668
2019-10-03,48.29999923706055,48.91999816894531
2019-10-04,48.93000030517578,49.13999938964844
2019-10-07,48.939998626708984,48.869998931884766
2019-10-08,48.72999954223633,47.9900016784668
2019-10-09,48.16999816894531,48.25
2019-10-10,48.27000045776367,48.41999816894531
2019-10-11,48.45000076293945,49.029998779296875
2019-10-14,49.119998931884766,48.459999084472656
2019-10-15,48.369998931884766,48.2400016784668
2019-10-16,48.04999923706055,47.880001068115234
2019-10-17,48.0,48.13999938964844
2019-10-18,48.08000183105469,48.16999816894531
2019-10-21,48.13999938964844,48.25
2019-10-22,48.36000061035156,48.56999969482422
2019-10-23,48.72999954223633,48.56999969482422
2019-10-24,48.650001525878906,48.27000045776367
2019-10-25,48.31999969482422,48.189998626708984
2019-10-28,48.02000045776367,47.459999084472656
2019-10-29,47.470001220703125,47.400001525878906
2019-10-30,47.36000061035156,48.0
2019-10-31,48.13999938964844,47.66999816894531
2019-11-01,47.66999816894531,47.779998779296875
2019-11-04,47.66999816894531,47.09000015258789
2019-11-05,46.9900016784668,47.29999923706055
2019-11-06,47.25,47.09000015258789
2019-11-07,47.08000183105469,46.849998474121094
2019-11-08,46.560001373291016,46.540000915527344
2019-11-11,46.369998931884766,46.22999954223633
2019-11-12,43.38999938964844,41.439998626708984
2019-11-13,41.970001220703125,42.40999984741211
2019-11-14,42.400001525878906,42.54999923706055
2019-11-15,43.0,43.189998626708984
2019-11-18,43.45000076293945,43.63999938964844
2019-11-19,43.630001068115234,43.720001220703125
2019-11-20,43.5,43.689998626708984
2019-11-21,43.75,43.70000076293945
2019-11-22,43.88999938964844,44.0
2019-11-25,43.81999969482422,43.939998626708984
2019-11-26,44.13999938964844,44.099998474121094
2019-11-27,44.099998474121094,44.380001068115234
2019-11-29,44.2400016784668,43.54999923706055
2019-12-02,43.5099983215332,43.58000183105469
2019-12-03,43.68000030517578,42.79999923706055
2019-12-04,42.810001373291016,43.06999969482422
2019-12-05,43.029998779296875,42.869998931884766
2019-12-06,43.060001373291016,43.470001220703125
2019-12-09,43.79999923706055,43.400001525878906
2019-12-10,43.400001525878906,43.470001220703125
2019-12-11,43.599998474121094,43.40999984741211
2019-12-12,43.40999984741211,44.06999969482422
2019-12-13,44.060001373291016,43.959999084472656
2019-12-16,44.0,44.5
2019-12-17,44.459999084472656,45.119998931884766
2019-12-18,45.119998931884766,45.08000183105469
2019-12-19,44.95000076293945,45.20000076293945
2019-12-20,45.380001068115234,44.939998626708984
2019-12-23,45.119998931884766,44.70000076293945
2019-12-24,44.77000045776367,44.40999984741211
2019-12-26,44.41999816894531,44.65999984741211
2019-12-27,44.65999984741211,44.70000076293945
2019-12-30,44.61000061035156,44.720001220703125
2019-12-31,44.66999816894531,45.15999984741211
2020-01-02,45.2599983215332,44.7599983215332
2020-01-03,44.61000061035156,44.66999816894531
2020-01-06,44.65999984741211,44.63999938964844
2020-01-07,44.720001220703125,44.380001068115234
2020-01-08,44.29999923706055,43.72999954223633
2020-01-09,43.75,43.959999084472656
2020-01-10,44.02000045776367,44.099998474121094
2020-01-13,44.130001068115234,44.36000061035156
2020-01-14,44.13999938964844,44.130001068115234
2020-01-15,44.15999984741211,44.22999954223633
2020-01-16,44.369998931884766,44.58000183105469
2020-01-17,44.529998779296875,44.5
2020-01-21,44.5,44.08000183105469
2020-01-22,44.0,43.88999938964844
2020-01-23,43.84000015258789,44.0
2020-01-24,44.040000915527344,43.58000183105469
2020-01-27,43.33000183105469,43.029998779296875
2020-01-28,43.040000915527344,43.0
2020-01-29,42.93000030517578,42.560001373291016
2020-01-30,42.400001525878906,42.13999938964844
2020-01-31,41.970001220703125,41.59000015258789
2020-02-03,41.470001220703125,41.810001373291016
2020-02-04,42.040000915527344,41.189998626708984
2020-02-05,41.36000061035156,41.95000076293945
2020-02-06,42.369998931884766,42.7599983215332
2020-02-07,42.709999084472656,42.310001373291016
2020-02-10,42.16999816894531,41.619998931884766
2020-02-11,41.720001220703125,41.68000030517578
2020-02-12,41.75,41.93000030517578
2020-02-13,41.709999084472656,41.619998931884766
2020-02-14,41.689998626708984,41.70000076293945
2020-02-18,41.65999984741211,41.27000045776367
2020-02-19,41.27000045776367,41.189998626708984
2020-02-20,41.0,41.0
2020-02-21,40.88999938964844,41.279998779296875
2020-02-24,40.61000061035156,40.56999969482422
2020-02-25,40.56999969482422,39.70000076293945
2020-02-26,39.88999938964844,38.40999984741211
2020-02-27,38.0,37.189998626708984
2020-02-28,36.40999984741211,36.040000915527344
2020-03-02,36.209999084472656,37.560001373291016
2020-03-03,37.65999984741211,36.41999816894531
2020-03-04,36.81999969482422,37.79999923706055
2020-03-05,36.9900016784668,36.41999816894531
2020-03-06,35.56999969482422,36.630001068115234
2020-03-09,34.5,33.630001068115234
2020-03-10,34.36000061035156,34.0099983215332
2020-03-11,33.119998931884766,32.43000030517578
2020-03-12,30.170000076293945,30.010000228881836
2020-03-13,31.0,32.22999954223633
2020-03-16,26.5,26.709999084472656
2020-03-17,27.389999389648438,27.139999389648438
2020-03-18,26.06999969482422,23.010000228881836
2020-03-19,22.989999771118164,25.34000015258789
2020-03-20,25.600000381469727,26.059999465942383
2020-03-23,24.780000686645508,22.920000076293945
2020-03-24,24.229999542236328,24.329999923706055
2020-03-25,24.559999465942383,24.760000228881836
2020-03-26,24.809999465942383,26.25
2020-03-27,25.010000228881836,26.059999465942383
2020-03-30,26.420000076293945,26.90999984741211
2020-03-31,26.850000381469727,26.670000076293945
2020-04-01,25.5,24.639999389648438
2020-04-02,24.639999389648438,26.139999389648438
2020-04-03,26.06999969482422,25.0
2020-04-06,25.829999923706055,26.6299991607666
2020-04-07,28.1200008392334,27.790000915527344
2020-04-08,27.93000030517578,28.850000381469727
2020-04-09,29.530000686645508,30.040000915527344
2020-04-13,30.0,28.690000534057617
2020-04-14,29.459999084472656,29.25
2020-04-15,28.0,27.309999465942383
2020-04-16,27.239999771118164,26.1299991607666
2020-04-17,26.969999313354492,28.15999984741211
2020-04-20,27.610000610351562,27.149999618530273
2020-04-21,26.489999771118164,27.299999237060547
2020-04-22,27.940000534057617,27.950000762939453
2020-04-23,28.3700008392334,28.049999237060547
2020-04-24,28.239999771118164,28.239999771118164
2020-04-27,28.450000762939453,29.270000457763672
2020-04-28,30.100000381469727,30.09000015258789
2020-04-29,31.110000610351562,31.309999465942383
2020-04-30,30.959999084472656,30.18000030517578
2020-05-01,29.56999969482422,29.299999237060547
2020-05-04,29.110000610351562,29.260000228881836
2020-05-05,29.829999923706055,29.520000457763672
2020-05-06,29.459999084472656,27.829999923706055
2020-05-07,27.229999542236328,28.1299991607666
2020-05-08,28.770000457763672,30.889999389648438
2020-05-11,30.520000457763672,30.389999389648438
2020-05-12,30.3799991607666,29.799999237060547
2020-05-13,29.889999389648438,28.729999542236328
2020-05-14,28.139999389648438,28.530000686645508
2020-05-15,28.18000030517578,28.389999389648438
2020-05-18,29.65999984741211,30.959999084472656
2020-05-19,30.700000762939453,30.329999923706055
2020-05-20,30.649999618530273,31.190000534057617
2020-05-21,31.100000381469727,30.799999237060547
2020-05-22,30.6200008392334,30.40999984741211
2020-05-26,31.719999313354492,32.119998931884766
2020-05-27,32.880001068115234,32.27000045776367
2020-05-28,32.75,32.25
2020-05-29,31.889999389648438,31.84000015258789
2020-06-01,31.959999084472656,32.43000030517578
2020-06-02,32.68000030517578,32.959999084472656
2020-06-03,33.290000915527344,34.45000076293945
2020-06-04,34.279998779296875,34.11000061035156
2020-06-05,35.4900016784668,35.689998626708984
2020-06-08,36.310001373291016,36.77000045776367
2020-06-09,36.380001068115234,35.70000076293945
2020-06-10,35.349998474121094,34.43000030517578
2020-06-11,33.0,31.549999237060547
2020-06-12,32.54999923706055,31.030000686645508
2020-06-15,30.0,31.18000030517578
2020-06-16,32.79999923706055,32.869998931884766
2020-06-17,33.09000015258789,32.209999084472656
2020-06-18,31.850000381469727,32.5
2020-06-19,32.7400016784668,32.18000030517578
2020-06-22,31.8799991607666,31.989999771118164
2020-06-23,32.380001068115234,31.579999923706055
2020-06-24,31.09000015258789,30.81999969482422
2020-06-25,30.65999984741211,31.280000686645508
2020-06-26,31.209999084472656,30.520000457763672
2020-06-29,30.979999542236328,31.6200008392334
2020-06-30,31.579999923706055,31.799999237060547
2020-07-01,31.93000030517578,31.829999923706055
2020-07-02,32.119998931884766,31.729999542236328
2020-07-06,32.25,31.899999618530273
2020-07-07,31.450000762939453,31.270000457763672
2020-07-08,31.1299991607666,30.709999084472656
2020-07-09,30.479999542236328,29.8700008392334
2020-07-10,29.850000381469727,30.81999969482422
2020-07-13,31.020000457763672,31.030000686645508
2020-07-14,31.030000686645508,31.600000381469727
2020-07-15,32.22999954223633,32.36000061035156
2020-07-16,32.529998779296875,32.529998779296875
2020-07-17,32.7400016784668,33.27000045776367
2020-07-20,32.97999954223633,31.579999923706055
2020-07-21,32.119998931884766,33.20000076293945
2020-07-22,32.77000045776367,33.310001373291016
2020-07-23,33.27000045776367,33.25
2020-07-24,33.310001373291016,32.83000183105469
2020-07-27,32.58000183105469,32.4900016784668
2020-07-28,32.56999969482422,33.310001373291016
2020-07-29,33.540000915527344,34.150001525878906
2020-07-30,33.599998474121094,33.560001373291016
2020-07-31,33.369998931884766,33.34000015258789
2020-08-03,33.41999816894531,33.16999816894531
2020-08-04,33.619998931884766,33.7400016784668
2020-08-05,34.099998474121094,33.54999923706055
2020-08-06,33.56999969482422,33.81999969482422
2020-08-07,33.77000045776367,34.77000045776367
2020-08-10,35.45000076293945,35.2400016784668
2020-08-11,36.130001068115234,34.970001220703125
2020-08-12,35.20000076293945,35.560001373291016
2020-08-13,35.380001068115234,34.779998779296875
2020-08-14,34.45000076293945,34.599998474121094
2020-08-17,34.66999816894531,34.77000045776367
2020-08-18,34.599998474121094,34.619998931884766
2020-08-19,34.52000045776367,34.43000030517578
2020-08-20,34.20000076293945,33.7400016784668
2020-08-21,33.63999938964844,33.650001525878906
2020-08-24,33.650001525878906,34.290000915527344
2020-08-25,34.369998931884766,33.77000045776367
2020-08-26,33.720001220703125,33.33000183105469
2020-08-27,33.36000061035156,33.79999923706055
2020-08-28,33.79999923706055,34.400001525878906
2020-08-31,34.54999923706055,34.529998779296875
2020-09-01,34.34000015258789,34.2400016784668
2020-09-02,34.41999816894531,35.060001373291016
2020-09-03,34.9900016784668,34.400001525878906
2020-09-04,34.709999084472656,34.16999816894531
2020-09-08,34.08000183105469,33.349998474121094
2020-09-09,33.470001220703125,33.540000915527344
2020-09-10,33.619998931884766,32.88999938964844
2020-09-11,32.79999923706055,32.88999938964844
2020-09-14,32.619998931884766,32.630001068115234
2020-09-15,32.65999984741211,32.84000015258789
2020-09-16,32.86000061035156,33.15999984741211
2020-09-17,32.939998626708984,33.150001525878906
2020-09-18,33.029998779296875,32.470001220703125
2020-09-21,31.8700008392334,31.850000381469727
2020-09-22,31.989999771118164,32.459999084472656
2020-09-23,32.47999954223633,31.809999465942383
2020-09-24,31.68000030517578,31.979999542236328
2020-09-25,31.709999084472656,32.5099983215332
2020-09-28,32.88999938964844,32.720001220703125
2020-09-29,32.810001373291016,32.4900016784668
2020-09-30,32.70000076293945,32.97999954223633
2020-10-01,33.02000045776367,32.63999938964844
2020-10-02,32.06999969482422,33.38999938964844
2020-10-05,33.790000915527344,33.5
2020-10-06,33.77000045776367,34.06999969482422
2020-10-07,34.25,34.099998474121094
2020-10-08,34.310001373291016,35.18000030517578
2020-10-09,35.34000015258789,34.84000015258789
2020-10-12,34.77000045776367,34.900001525878906
2020-10-13,34.65999984741211,34.5
2020-10-14,34.59000015258789,34.25
2020-10-15,33.869998931884766,34.2400016784668
2020-10-16,34.209999084472656,34.38999938964844
2020-10-19,34.540000915527344,33.650001525878906
2020-10-20,33.91999816894531,34.41999816894531
2020-10-21,34.29999923706055,34.779998779296875
2020-10-22,34.84000015258789,35.689998626708984
2020-10-23,35.939998626708984,35.86000061035156
2020-10-26,35.459999084472656,35.220001220703125
2020-10-27,35.130001068115234,34.45000076293945
2020-10-28,33.70000076293945,32.95000076293945
2020-10-29,32.689998626708984,32.369998931884766
2020-10-30,32.189998626708984,32.34000015258789
2020-11-02,32.75,33.25
2020-11-03,33.56999969482422,33.810001373291016
2020-11-04,33.529998779296875,32.959999084472656
2020-11-05,33.11000061035156,33.27000045776367
2020-11-06,33.45000076293945,32.31999969482422
2020-11-09,34.31999969482422,34.36000061035156
2020-11-10,34.65999984741211,37.150001525878906
2020-11-11,37.099998474121094,36.61000061035156
2020-11-12,36.25,35.47999954223633
2020-11-13,35.619998931884766,36.43000030517578
2020-11-16,37.18000030517578,36.790000915527344
2020-11-17,36.59000015258789,36.2599983215332
2020-11-18,36.599998474121094,35.45000076293945
2020-11-19,35.95000076293945,36.040000915527344
2020-11-20,35.869998931884766,35.880001068115234
2020-11-23,36.04999923706055,36.540000915527344
2020-11-24,37.0,38.060001373291016
2020-11-25,38.099998474121094,37.63999938964844
2020-11-27,37.470001220703125,37.15999984741211
2020-11-30,36.84000015258789,35.47999954223633
2020-12-01,35.86000061035156,36.130001068115234
2020-12-02,36.0,36.119998931884766
2020-12-03,36.119998931884766,35.650001525878906
2020-12-04,36.0,36.040000915527344
2020-12-07,35.869998931884766,35.47999954223633
2020-12-08,35.15999984741211,35.5099983215332
2020-12-09,35.689998626708984,35.2599983215332
2020-12-10,35.16999816894531,35.45000076293945
2020-12-11,35.18000030517578,35.369998931884766
2020-12-14,35.54999923706055,34.97999954223633
2020-12-15,35.119998931884766,36.349998474121094
2020-12-16,36.470001220703125,35.70000076293945
2020-12-17,35.72999954223633,35.9900016784668
2020-12-18,36.15999984741211,35.540000915527344
2020-12-21,35.0,34.29999923706055
2020-12-22,34.25,34.5
2020-12-23,34.619998931884766,34.849998474121094
2020-12-24,35.040000915527344,35.0099983215332
2020-12-28,35.02000045776367,34.95000076293945
2020-12-29,34.93000030517578,34.43000030517578
2020-12-30,34.25,34.439998626708984
2020-12-31,34.63999938964844,34.959999084472656
2021-01-04,35.13999938964844,34.790000915527344
2021-01-05,34.97999954223633,34.880001068115234
2021-01-06,35.349998474121094,36.290000915527344
2021-01-07,36.38999938964844,35.04999923706055
2021-01-08,35.20000076293945,35.25
2021-01-11,34.9900016784668,35.58000183105469
2021-01-12,35.70000076293945,36.5
2021-01-13,36.43000030517578,36.709999084472656
2021-01-14,37.08000183105469,37.04999923706055
2021-01-15,37.0,37.630001068115234
2021-01-19,37.81999969482422,37.290000915527344
2021-01-20,37.119998931884766,37.189998626708984
2021-01-21,37.25,36.900001525878906
2021-01-22,36.63999938964844,37.18000030517578
2021-01-25,37.0,37.189998626708984
2021-01-26,37.33000183105469,36.88999938964844
2021-01-27,36.45000076293945,36.619998931884766
2021-01-28,36.68000030517578,36.41999816894531
2021-01-29,36.29999923706055,35.9900016784668
2021-02-01,35.95000076293945,36.380001068115234
2021-02-02,36.5099983215332,36.0
2021-02-03,35.619998931884766,36.150001525878906
2021-02-04,36.189998626708984,36.7599983215332
2021-02-05,37.0,37.29999923706055
2021-02-08,37.380001068115234,37.18000030517578
2021-02-09,37.38999938964844,37.59000015258789
2021-02-10,38.189998626708984,38.33000183105469
2021-02-11,38.2400016784668,38.65999984741211
2021-02-12,38.58000183105469,38.880001068115234
2021-02-16,39.0099983215332,40.09000015258789
2021-02-17,40.09000015258789,40.25
2021-02-18,40.189998626708984,39.529998779296875
2021-02-19,39.63999938964844,40.290000915527344
2021-02-22,40.439998626708984,40.2400016784668
2021-02-23,40.290000915527344,39.61000061035156
2021-02-24,39.630001068115234,40.18000030517578
2021-02-25,40.459999084472656,39.75
2021-02-26,39.79999923706055,38.310001373291016
2021-03-01,39.060001373291016,38.540000915527344
2021-03-02,38.779998779296875,38.77000045776367
2021-03-03,38.81999969482422,39.06999969482422
2021-03-04,39.130001068115234,39.099998474121094
2021-03-05,39.47999954223633,40.65999984741211
2021-03-08,40.880001068115234,41.02000045776367
2021-03-09,40.95000076293945,39.939998626708984
2021-03-10,39.79999923706055,40.79999923706055
2021-03-11,40.95000076293945,40.380001068115234
2021-03-12,40.22999954223633,40.68000030517578
2021-03-15,40.68000030517578,41.650001525878906
2021-03-16,41.31999969482422,41.65999984741211
2021-03-17,41.650001525878906,41.04999923706055
2021-03-18,40.900001525878906,40.630001068115234
2021-03-19,40.81999969482422,41.459999084472656
2021-03-22,41.84000015258789,40.790000915527344
2021-03-23,40.349998474121094,40.38999938964844
2021-03-24,40.529998779296875,40.70000076293945
2021-03-25,40.709999084472656,41.84000015258789
2021-03-26,42.0,41.56999969482422
2021-03-29,41.189998626708984,41.5
2021-03-30,41.41999816894531,41.54999923706055
2021-03-31,41.52000045776367,41.0099983215332
2021-04-01,41.13999938964844,41.25
2021-04-05,41.400001525878906,41.470001220703125
2021-04-06,41.290000915527344,41.59000015258789
2021-04-07,41.70000076293945,41.97999954223633
2021-04-08,41.91999816894531,42.279998779296875
2021-04-09,42.16999816894531,41.900001525878906
2021-04-12,42.099998474121094,42.66999816894531
2021-04-13,42.75,43.18000030517578
2021-04-14,43.20000076293945,43.33000183105469
2021-04-15,43.41999816894531,43.77000045776367
2021-04-16,44.0,44.02000045776367
2021-04-19,44.20000076293945,43.86000061035156
2021-04-20,43.709999084472656,44.5099983215332
2021-04-21,44.400001525878906,44.38999938964844
2021-04-22,44.220001220703125,44.04999923706055
2021-04-23,44.16999816894531,44.189998626708984
2021-04-26,44.27000045776367,43.79999923706055
2021-04-27,43.79999923706055,43.70000076293945
2021-04-28,43.779998779296875,43.630001068115234
2021-04-29,43.810001373291016,43.939998626708984
2021-04-30,43.97999954223633,43.709999084472656
2021-05-03,43.790000915527344,44.349998474121094
2021-05-04,44.61000061035156,44.220001220703125
2021-05-05,44.34000015258789,44.439998626708984
2021-05-06,45.0,44.90999984741211
2021-05-07,44.650001525878906,45.619998931884766
2021-05-10,45.970001220703125,46.209999084472656
2021-05-11,46.130001068115234,45.79999923706055
2021-05-12,45.93000030517578,44.650001525878906
2021-05-13,44.5,45.869998931884766
2021-05-14,45.970001220703125,45.939998626708984
2021-05-17,44.20000076293945,43.810001373291016
2021-05-18,43.900001525878906,43.7599983215332
2021-05-19,43.4900016784668,43.84000015258789
2021-05-20,43.88999938964844,44.18000030517578
2021-05-21,44.45000076293945,44.540000915527344
2021-05-24,44.7400016784668,44.810001373291016
2021-05-25,44.810001373291016,44.88999938964844
2021-05-26,44.90999984741211,44.900001525878906
2021-05-27,45.220001220703125,45.36000061035156
2021-05-28,45.709999084472656,46.04999923706055
2021-06-01,46.349998474121094,46.15999984741211
2021-06-02,46.349998474121094,46.380001068115234
2021-06-03,46.16999816894531,46.689998626708984
2021-06-04,47.0,46.58000183105469
2021-06-07,46.7400016784668,47.40999984741211
2021-06-08,47.33000183105469,47.880001068115234
2021-06-09,47.81999969482422,47.86000061035156
2021-06-10,47.91999816894531,47.58000183105469
2021-06-11,47.709999084472656,47.75
2021-06-14,47.59000015258789,47.04999923706055
2021-06-15,46.970001220703125,47.099998474121094
2021-06-16,47.040000915527344,46.61000061035156
2021-06-17,46.650001525878906,46.779998779296875
2021-06-18,46.599998474121094,45.310001373291016
2021-06-21,45.58000183105469,46.279998779296875
2021-06-22,46.130001068115234,45.47999954223633
2021-06-23,46.529998779296875,46.45000076293945
2021-06-24,46.70000076293945,46.83000183105469
2021-06-25,46.540000915527344,47.290000915527344
2021-06-28,47.36000061035156,46.900001525878906
2021-06-29,46.95000076293945,46.52000045776367
2021-06-30,46.54999923706055,46.310001373291016
2021-07-01,46.56999969482422,46.77000045776367
2021-07-02,46.619998931884766,46.61000061035156
2021-07-06,46.66999816894531,45.939998626708984
2021-07-07,45.97999954223633,46.59000015258789
2021-07-08,46.20000076293945,45.9900016784668
2021-07-09,46.20000076293945,46.540000915527344
2021-07-12,46.34000015258789,46.72999954223633
2021-07-13,46.72999954223633,45.72999954223633
2021-07-14,45.790000915527344,45.939998626708984
2021-07-15,45.689998626708984,46.209999084472656
2021-07-16,46.5,46.09000015258789
2021-07-19,45.619998931884766,45.02000045776367
2021-07-20,45.02000045776367,46.20000076293945
2021-07-21,46.38999938964844,45.61000061035156
2021-07-22,45.61000061035156,45.369998931884766
2021-07-23,45.70000076293945,46.150001525878906
2021-07-26,46.08000183105469,46.18000030517578
2021-07-27,46.15999984741211,46.54999923706055
2021-07-28,46.540000915527344,46.34000015258789
2021-07-29,46.529998779296875,46.369998931884766
2021-07-30,46.25,45.9900016784668
2021-08-02,45.970001220703125,45.849998474121094
2021-08-03,45.939998626708984,46.56999969482422
2021-08-04,46.34000015258789,46.130001068115234
2021-08-05,46.91999816894531,46.970001220703125
2021-08-06,47.15999984741211,46.95000076293945
2021-08-09,46.90999984741211,47.220001220703125
2021-08-10,47.25,47.22999954223633
2021-08-11,47.40999984741211,47.470001220703125
2021-08-12,47.540000915527344,47.59000015258789
2021-08-13,47.619998931884766,48.09000015258789
2021-08-16,48.150001525878906,47.36000061035156
2021-08-17,47.029998779296875,47.34000015258789
2021-08-18,47.2599983215332,47.130001068115234
2021-08-19,46.880001068115234,46.22999954223633
2021-08-20,46.09000015258789,46.630001068115234
2021-08-23,46.779998779296875,46.560001373291016
2021-08-24,46.630001068115234,46.310001373291016
2021-08-25,46.2400016784668,46.41999816894531
2021-08-26,46.43000030517578,45.90999984741211
2021-08-27,46.130001068115234,46.470001220703125
2021-08-30,46.59000015258789,46.54999923706055
2021-08-31,46.459999084472656,46.310001373291016
2021-09-01,46.41999816894531,46.84000015258789
2021-09-02,46.9900016784668,47.150001525878906
2021-09-03,47.279998779296875,46.880001068115234
2021-09-07,46.79999923706055,45.93000030517578
2021-09-08,45.79999923706055,46.4900016784668
2021-09-09,46.5,45.540000915527344
2021-09-10,45.72999954223633,44.83000183105469
2021-09-13,45.130001068115234,45.060001373291016
2021-09-14,45.060001373291016,43.84000015258789
2021-09-15,43.79999923706055,43.70000076293945
2021-09-16,43.72999954223633,43.459999084472656
2021-09-17,43.34000015258789,42.880001068115234
2021-09-20,42.2599983215332,42.650001525878906
2021-09-21,42.86000061035156,42.2599983215332
2021-09-22,42.56999969482422,42.7599983215332
2021-09-23,42.77000045776367,42.650001525878906
2021-09-24,42.650001525878906,42.689998626708984
2021-09-27,42.869998931884766,42.810001373291016
2021-09-28,42.810001373291016,42.18000030517578
2021-09-29,42.36000061035156,43.02000045776367
2021-09-30,43.220001220703125,42.619998931884766
2021-10-01,42.81999969482422,43.400001525878906
2021-10-04,43.40999984741211,44.2400016784668
2021-10-05,44.369998931884766,44.119998931884766
2021-10-06,43.81999969482422,43.959999084472656
2021-10-07,44.02000045776367,44.400001525878906
2021-10-08,44.54999923706055,44.209999084472656
2021-10-11,44.279998779296875,44.04999923706055
2021-10-12,44.04999923706055,44.02000045776367
2021-10-13,44.0099983215332,43.83000183105469
2021-10-14,44.130001068115234,44.689998626708984
2021-10-15,44.86000061035156,44.15999984741211
2021-10-18,43.97999954223633,44.0
2021-10-19,44.20000076293945,44.65999984741211
2021-10-20,44.540000915527344,44.90999984741211
2021-10-21,44.45000076293945,44.31999969482422
2021-10-22,44.349998474121094,44.33000183105469
2021-10-25,44.470001220703125,44.65999984741211
2021-10-26,44.720001220703125,44.68000030517578
2021-10-27,44.77000045776367,43.45000076293945
2021-10-28,43.40999984741211,43.689998626708984
2021-10-29,43.66999816894531,43.40999984741211
2021-11-01,43.54999923706055,44.38999938964844
2021-11-02,44.56999969482422,44.349998474121094
2021-11-03,44.099998474121094,44.52000045776367
2021-11-04,44.77000045776367,44.22999954223633
2021-11-05,44.40999984741211,44.63999938964844
2021-11-08,44.77000045776367,44.380001068115234
2021-11-09,44.349998474121094,44.599998474121094
2021-11-10,44.619998931884766,44.7599983215332
2021-11-11,44.7400016784668,45.20000076293945
2021-11-12,45.2599983215332,44.81999969482422
2021-11-15,45.0099983215332,45.36000061035156
2021-11-16,45.31999969482422,44.939998626708984
2021-11-17,44.93000030517578,45.2599983215332
2021-11-18,45.189998626708984,44.11000061035156
2021-11-19,43.939998626708984,43.900001525878906
2021-11-22,43.81999969482422,44.689998626708984
2021-11-23,45.0099983215332,44.650001525878906
2021-11-24,44.619998931884766,44.90999984741211
2021-11-26,44.41999816894531,44.15999984741211
2021-11-29,44.310001373291016,43.400001525878906
2021-11-30,43.06999969482422,41.25
2021-12-01,41.86000061035156,41.310001373291016
2021-12-02,41.63999938964844,43.040000915527344
2021-12-03,43.400001525878906,43.11000061035156
2021-12-06,43.779998779296875,44.22999954223633
2021-12-07,44.290000915527344,44.529998779296875
2021-12-08,44.65999984741211,44.849998474121094
2021-12-09,44.619998931884766,44.4900016784668
2021-12-10,44.83000183105469,45.72999954223633
2021-12-13,45.72999954223633,45.34000015258789
2021-12-14,45.119998931884766,44.77000045776367
2021-12-15,44.88999938964844,45.119998931884766
2021-12-16,45.20000076293945,44.95000076293945
2021-12-17,44.880001068115234,44.88999938964844
2021-12-20,44.52000045776367,44.54999923706055
2021-12-21,44.869998931884766,45.290000915527344
2021-12-22,45.400001525878906,45.31999969482422
2021-12-23,45.54999923706055,45.5
2021-12-27,45.5,45.70000076293945
2021-12-28,45.65999984741211,45.689998626708984
2021-12-29,45.790000915527344,45.81999969482422
2021-12-30,45.900001525878906,45.900001525878906
2021-12-31,45.88999938964844,45.90999984741211
2022-01-03,45.97999954223633,45.650001525878906
2022-01-04,46.09000015258789,45.75
2022-01-05,46.0,46.040000915527344
2022-01-06,46.09000015258789,45.40999984741211
2022-01-07,45.47999954223633,44.83000183105469
2022-01-10,44.880001068115234,45.150001525878906
2022-01-11,45.33000183105469,45.220001220703125
2022-01-12,45.5,45.86000061035156
2022-01-13,45.970001220703125,45.810001373291016
2022-01-14,45.7599983215332,46.2599983215332
2022-01-18,46.27000045776367,46.33000183105469
2022-01-19,46.4900016784668,46.06999969482422
2022-01-20,46.04999923706055,45.709999084472656
2022-01-21,45.5099983215332,45.22999954223633
2022-01-24,44.90999984741211,44.40999984741211
2022-01-25,44.029998779296875,44.36000061035156
2022-01-26,44.72999954223633,44.689998626708984
2022-01-27,45.0099983215332,44.25
2022-01-28,44.20000076293945,44.970001220703125
2022-01-31,44.63999938964844,45.349998474121094
2022-02-01,45.4900016784668,45.81999969482422
2022-02-02,45.86000061035156,45.630001068115234
2022-02-03,44.97999954223633,43.54999923706055
2022-02-04,43.22999954223633,41.75
2022-02-07,41.56999969482422,40.810001373291016
2022-02-08,40.869998931884766,40.220001220703125
2022-02-09,40.43000030517578,40.060001373291016
2022-02-10,39.70000076293945,39.02000045776367
2022-02-11,39.119998931884766,38.77000045776367
2022-02-14,38.77000045776367,37.4900016784668
2022-02-15,37.689998626708984,38.130001068115234
2022-02-16,38.04999923706055,37.97999954223633
2022-02-17,38.59000015258789,38.58000183105469
2022-02-18,38.369998931884766,38.040000915527344
2022-02-22,38.2400016784668,38.40999984741211
2022-02-23,38.279998779296875,37.52000045776367
2022-02-24,37.279998779296875,37.349998474121094
2022-02-25,37.630001068115234,38.7400016784668
2022-02-28,38.290000915527344,38.439998626708984
2022-03-01,38.20000076293945,36.41999816894531
2022-03-02,36.63999938964844,37.2400016784668
2022-03-03,37.33000183105469,37.20000076293945
2022-03-04,37.0,36.34000015258789
2022-03-07,35.91999816894531,34.310001373291016
2022-03-08,34.65999984741211,34.2599983215332
2022-03-09,34.84000015258789,34.7400016784668
2022-03-10,34.349998474121094,34.220001220703125
2022-03-11,34.33000183105469,33.11000061035156
2022-03-14,33.630001068115234,35.18000030517578
2022-03-15,34.93000030517578,35.470001220703125
2022-03-16,35.619998931884766,35.81999969482422
2022-03-17,35.59000015258789,35.369998931884766
2022-03-18,35.18000030517578,35.2599983215332
2022-03-21,35.349998474121094,35.2400016784668
2022-03-22,35.349998474121094,35.04999923706055
2022-03-23,34.88999938964844,34.86000061035156
2022-03-24,35.11000061035156,35.41999816894531
2022-03-25,35.560001373291016,35.79999923706055
2022-03-28,35.84000015258789,35.58000183105469
2022-03-29,35.810001373291016,36.599998474121094
2022-03-30,36.439998626708984,36.5099983215332
2022-03-31,36.560001373291016,36.220001220703125
2022-04-01,36.470001220703125,36.70000076293945
2022-04-04,36.52000045776367,36.27000045776367
2022-04-05,36.31999969482422,36.08000183105469
2022-04-06,36.130001068115234,36.47999954223633
2022-04-07,36.47999954223633,36.29999923706055
2022-04-08,36.439998626708984,36.349998474121094
2022-04-11,36.5099983215332,36.040000915527344
2022-04-12,36.04999923706055,35.970001220703125
2022-04-13,35.91999816894531,35.91999816894531
2022-04-14,36.0099983215332,35.72999954223633
2022-04-18,35.75,35.869998931884766
2022-04-19,36.060001373291016,36.720001220703125
2022-04-20,36.86000061035156,37.439998626708984
2022-04-21,37.709999084472656,37.349998474121094
2022-04-22,37.310001373291016,36.630001068115234
2022-04-25,36.560001373291016,36.290000915527344
2022-04-26,36.0099983215332,35.68000030517578
2022-04-27,35.7400016784668,35.40999984741211
2022-04-28,35.61000061035156,35.65999984741211
2022-04-29,35.290000915527344,34.29999923706055
2022-05-02,34.52000045776367,34.709999084472656
2022-05-03,34.75,35.5
2022-05-04,35.790000915527344,37.099998474121094
2022-05-05,36.90999984741211,37.099998474121094
2022-05-06,37.099998474121094,37.689998626708984
2022-05-09,37.380001068115234,37.599998474121094
2022-05-10,37.7400016784668,37.130001068115234
2022-05-11,37.25,38.060001373291016
2022-05-12,37.95000076293945,37.869998931884766
2022-05-13,38.2400016784668,38.88999938964844
2022-05-16,39.08000183105469,39.619998931884766
2022-05-17,40.0,40.61000061035156
2022-05-18,40.400001525878906,39.959999084472656
2022-05-19,39.790000915527344,40.040000915527344
2022-05-20,40.369998931884766,40.47999954223633
2022-05-23,40.790000915527344,40.88999938964844
2022-05-24,40.58000183105469,41.2400016784668
2022-05-25,41.220001220703125,42.18000030517578
2022-05-26,42.29999923706055,42.310001373291016
2022-05-27,42.099998474121094,42.7599983215332
2022-05-31,42.380001068115234,42.7400016784668
2022-06-01,42.77000045776367,43.119998931884766
2022-06-02,43.150001525878906,44.279998779296875
2022-06-03,44.060001373291016,43.209999084472656
2022-06-06,43.369998931884766,43.709999084472656
2022-06-07,43.65999984741211,44.540000915527344
2022-06-08,44.18000030517578,43.560001373291016
2022-06-09,43.54999923706055,43.209999084472656
2022-06-10,42.54999923706055,42.189998626708984
2022-06-13,41.41999816894531,40.540000915527344
2022-06-14,40.279998779296875,39.709999084472656
2022-06-15,39.88999938964844,39.4900016784668
2022-06-16,38.619998931884766,38.2400016784668
2022-06-17,38.45000076293945,37.650001525878906
2022-06-21,37.9900016784668,38.52000045776367
2022-06-22,38.02000045776367,38.38999938964844
2022-06-23,38.400001525878906,38.58000183105469
2022-06-24,38.900001525878906,39.470001220703125
2022-06-27,39.45000076293945,39.65999984741211
2022-06-28,39.880001068115234,39.709999084472656
2022-06-29,39.63999938964844,38.95000076293945
2022-06-30,38.349998474121094,38.61000061035156
2022-07-01,38.7599983215332,39.720001220703125
2022-07-05,39.189998626708984,38.5
2022-07-06,38.380001068115234,38.75
2022-07-07,39.20000076293945,39.33000183105469
2022-07-08,39.54999923706055,39.2599983215332
2022-07-11,39.220001220703125,40.029998779296875
2022-07-12,39.779998779296875,39.75
2022-07-13,39.43000030517578,39.720001220703125
2022-07-14,39.040000915527344,39.91999816894531
2022-07-15,40.5099983215332,40.34000015258789
2022-07-18,40.56999969482422,40.36000061035156
2022-07-19,40.83000183105469,41.15999984741211
2022-07-20,41.15999984741211,40.869998931884766
2022-07-21,40.58000183105469,41.02000045776367
2022-07-22,41.20000076293945,41.22999954223633
2022-07-25,41.58000183105469,41.65999984741211
2022-07-26,41.83000183105469,41.650001525878906
2022-07-27,41.54999923706055,41.91999816894531
2022-07-28,41.970001220703125,42.7599983215332
2022-07-29,42.959999084472656,43.15999984741211
2022-08-01,42.939998626708984,43.54999923706055
2022-08-02,43.58000183105469,42.959999084472656
2022-08-03,42.959999084472656,43.189998626708984
2022-08-04,43.099998474121094,40.9900016784668
2022-08-05,40.83000183105469,40.04999923706055
2022-08-08,40.2599983215332,39.9900016784668
2022-08-09,40.099998474121094,40.060001373291016
2022-08-10,40.279998779296875,40.43000030517578
2022-08-11,40.45000076293945,41.0
2022-08-12,41.20000076293945,41.65999984741211
2022-08-15,41.29999923706055,41.68000030517578
2022-08-16,41.34000015258789,41.95000076293945
2022-08-17,41.810001373291016,41.91999816894531
2022-08-18,41.939998626708984,41.720001220703125
2022-08-19,41.72999954223633,41.400001525878906
2022-08-22,41.06999969482422,40.58000183105469
2022-08-23,40.7599983215332,40.45000076293945
2022-08-24,40.310001373291016,40.2599983215332
2022-08-25,40.36000061035156,40.650001525878906
2022-08-26,40.65999984741211,40.189998626708984
2022-08-29,40.060001373291016,39.93000030517578
2022-08-30,39.880001068115234,39.5099983215332
2022-08-31,39.529998779296875,39.5
2022-09-01,39.59000015258789,39.08000183105469
2022-09-02,39.34000015258789,39.040000915527344
2022-09-06,39.18000030517578,38.56999969482422
2022-09-07,38.52000045776367,39.529998779296875
2022-09-08,39.41999816894531,39.959999084472656
2022-09-09,40.290000915527344,39.709999084472656
2022-09-12,39.91999816894531,39.939998626708984
2022-09-13,39.290000915527344,38.619998931884766
2022-09-14,38.27000045776367,38.459999084472656
2022-09-15,38.27000045776367,37.61000061035156
2022-09-16,37.369998931884766,36.5
2022-09-19,36.380001068115234,37.040000915527344
2022-09-20,36.66999816894531,36.099998474121094
2022-09-21,36.43000030517578,35.4900016784668
2022-09-22,35.38999938964844,35.209999084472656
2022-09-23,34.84000015258789,34.09000015258789
2022-09-26,34.0099983215332,33.63999938964844
2022-09-27,33.869998931884766,32.880001068115234
2022-09-28,33.29999923706055,33.619998931884766
2022-09-29,33.27000045776367,32.93000030517578
2022-09-30,33.25,32.33000183105469
2022-10-03,32.90999984741211,33.470001220703125
2022-10-04,33.689998626708984,34.189998626708984
2022-10-05,33.63999938964844,33.20000076293945
2022-10-06,33.13999938964844,32.59000015258789
2022-10-07,32.540000915527344,32.33000183105469
2022-10-10,32.5,32.599998474121094
2022-10-11,32.59000015258789,32.79999923706055
2022-10-12,32.7400016784668,31.760000228881836
2022-10-13,31.3700008392334,32.59000015258789
2022-10-14,32.86000061035156,32.279998779296875
2022-10-17,32.650001525878906,32.9900016784668
2022-10-18,33.45000076293945,33.599998474121094
2022-10-19,33.18000030517578,32.599998474121094
2022-10-20,32.790000915527344,32.529998779296875
2022-10-21,32.72999954223633,32.79999923706055
2022-10-24,33.0,32.84000015258789
2022-10-25,32.77000045776367,34.06999969482422
2022-10-26,34.25,34.060001373291016
2022-10-27,34.45000076293945,34.58000183105469
2022-10-28,34.56999969482422,35.220001220703125
2022-10-31,35.04999923706055,35.33000183105469
2022-11-01,35.439998626708984,35.630001068115234
2022-11-02,35.43000030517578,34.70000076293945
2022-11-03,34.279998779296875,34.66999816894531
2022-11-04,34.810001373291016,34.939998626708984
2022-11-07,35.029998779296875,35.209999084472656
2022-11-08,35.41999816894531,35.439998626708984
2022-11-09,35.2599983215332,35.189998626708984
2022-11-10,36.119998931884766,36.689998626708984
2022-11-11,36.810001373291016,37.290000915527344
2022-11-14,37.22999954223633,37.31999969482422
2022-11-15,37.720001220703125,38.06999969482422
2022-11-16,37.869998931884766,36.93000030517578
2022-11-17,36.540000915527344,36.63999938964844
2022-11-18,38.08000183105469,38.61000061035156
2022-11-21,38.810001373291016,40.84000015258789
2022-11-22,40.84000015258789,40.43000030517578
2022-11-23,39.59000015258789,38.939998626708984
2022-11-25,38.970001220703125,39.709999084472656
2022-11-28,39.11000061035156,38.43000030517578
2022-11-29,38.20000076293945,37.84000015258789
2022-11-30,37.869998931884766,38.650001525878906
2022-12-01,38.779998779296875,38.599998474121094
2022-12-02,38.2599983215332,38.720001220703125
2022-12-05,38.70000076293945,38.599998474121094
2022-12-06,38.86000061035156,38.540000915527344
2022-12-07,38.5,38.72999954223633
2022-12-08,38.79999923706055,38.34000015258789
2022-12-09,38.18000030517578,38.36000061035156
2022-12-12,38.38999938964844,38.97999954223633
2022-12-13,39.58000183105469,39.08000183105469
2022-12-14,38.79999923706055,38.84000015258789
2022-12-15,38.560001373291016,38.04999923706055
2022-12-16,37.59000015258789,36.689998626708984
2022-12-19,36.66999816894531,36.790000915527344
2022-12-20,36.68000030517578,36.36000061035156
2022-12-21,36.630001068115234,37.58000183105469
2022-12-22,37.34000015258789,36.84000015258789
2022-12-23,36.93000030517578,37.33000183105469
2022-12-27,37.33000183105469,37.81999969482422
2022-12-28,38.0099983215332,37.08000183105469
2022-12-29,37.220001220703125,37.63999938964844
2022-12-30,37.36000061035156,37.06999969482422
2023-01-03,37.439998626708984,38.04999923706055
2023-01-04,38.369998931884766,38.630001068115234
2023-01-05,38.22999954223633,38.119998931884766
2023-01-06,38.650001525878906,39.459999084472656
2023-01-09,39.459999084472656,39.95000076293945
2023-01-10,39.91999816894531,40.45000076293945
2023-01-11,40.65999984741211,41.0099983215332
2023-01-12,41.20000076293945,41.45000076293945
2023-01-13,41.209999084472656,40.720001220703125
2023-01-17,40.40999984741211,40.4900016784668
2023-01-18,39.75,39.15999984741211
2023-01-19,38.86000061035156,38.900001525878906
2023-01-20,39.08000183105469,39.40999984741211
2023-01-23,39.4900016784668,39.75
2023-01-24,39.86000061035156,39.47999954223633
2023-01-25,39.209999084472656,39.77000045776367
2023-01-26,39.93000030517578,39.65999984741211
2023-01-27,39.66999816894531,39.810001373291016
2023-01-30,39.5,39.099998474121094
2023-01-31,39.27000045776367,39.83000183105469
2023-02-01,39.560001373291016,40.47999954223633
2023-02-02,40.88999938964844,42.619998931884766
2023-02-03,42.459999084472656,41.97999954223633
2023-02-06,41.84000015258789,40.13999938964844
2023-02-07,39.970001220703125,40.650001525878906
2023-02-08,40.15999984741211,39.70000076293945
2023-02-09,39.79999923706055,38.52000045776367
2023-02-10,38.47999954223633,39.369998931884766
2023-02-13,39.31999969482422,39.95000076293945
2023-02-14,39.7599983215332,39.45000076293945
2023-02-15,39.02000045776367,39.619998931884766
2023-02-16,39.15999984741211,38.70000076293945
2023-02-17,38.5,39.150001525878906
2023-02-21,38.7400016784668,38.150001525878906
2023-02-22,38.13999938964844,38.0
2023-02-23,38.27000045776367,38.060001373291016
2023-02-24,37.7400016784668,37.709999084472656
2023-02-27,38.130001068115234,37.70000076293945
2023-02-28,37.52000045776367,37.22999954223633
2023-03-01,37.0,37.060001373291016
2023-03-02,36.93000030517578,37.29999923706055
2023-03-03,37.459999084472656,37.599998474121094
2023-03-06,37.560001373291016,37.11000061035156
2023-03-07,37.13999938964844,36.869998931884766
2023-03-08,36.779998779296875,36.7599983215332
2023-03-09,36.79999923706055,36.2400016784668
2023-03-10,36.20000076293945,35.119998931884766
2023-03-13,34.68000030517578,35.029998779296875
2023-03-14,35.459999084472656,35.459999084472656
2023-03-15,34.97999954223633,34.65999984741211
2023-03-16,34.40999984741211,35.150001525878906
2023-03-17,35.56999969482422,35.029998779296875
2023-03-20,35.29999923706055,35.4900016784668
2023-03-21,35.66999816894531,35.41999816894531
2023-03-22,35.220001220703125,34.27000045776367
2023-03-23,34.20000076293945,32.68000030517578
2023-03-24,32.290000915527344,33.16999816894531
2023-03-27,33.5,33.560001373291016
2023-03-28,33.52000045776367,33.5
2023-03-29,33.84000015258789,33.689998626708984
2023-03-30,33.939998626708984,33.959999084472656
2023-03-31,34.220001220703125,34.7599983215332
2023-04-03,34.720001220703125,34.18000030517578
2023-04-04,34.29999923706055,34.09000015258789
2023-04-05,34.15999984741211,34.75
2023-04-06,34.75,34.720001220703125
2023-04-10,34.66999816894531,35.0
2023-04-11,35.0,35.34000015258789
2023-04-12,35.369998931884766,35.029998779296875
2023-04-13,34.93000030517578,34.83000183105469
2023-04-14,34.779998779296875,34.54999923706055
2023-04-17,34.56999969482422,34.88999938964844
2023-04-18,34.70000076293945,34.59000015258789
2023-04-19,34.2400016784668,34.91999816894531
2023-04-20,34.810001373291016,34.970001220703125
2023-04-21,35.18000030517578,34.9900016784668
2023-04-24,35.02000045776367,34.43000030517578
2023-04-25,34.20000076293945,33.900001525878906
2023-04-26,33.56999969482422,33.15999984741211
2023-04-27,33.25,34.02000045776367
2023-04-28,33.83000183105469,33.880001068115234
2023-05-01,34.0,33.81999969482422
2023-05-02,33.720001220703125,32.66999816894531
2023-05-03,32.54999923706055,32.25
2023-05-04,32.040000915527344,29.690000534057617
2023-05-05,29.969999313354492,30.5
2023-05-08,30.5,30.100000381469727
2023-05-09,29.8799991607666,29.59000015258789
2023-05-10,30.0,29.649999618530273
2023-05-11,29.399999618530273,28.770000457763672
2023-05-12,28.90999984741211,28.719999313354492
2023-05-15,28.729999542236328,28.270000457763672
2023-05-16,28.170000076293945,27.270000457763672
2023-05-17,27.399999618530273,28.219999313354492
2023-05-18,27.950000762939453,28.020000457763672
2023-05-19,28.309999465942383,28.030000686645508
2023-05-22,28.190000534057617,28.360000610351562
2023-05-23,28.389999389648438,28.229999542236328
2023-05-24,28.15999984741211,27.81999969482422
2023-05-25,27.850000381469727,27.549999237060547
2023-05-26,27.959999084472656,28.299999237060547
2023-05-30,28.510000228881836,28.25
2023-05-31,28.06999969482422,27.969999313354492
2023-06-01,28.200000762939453,27.780000686645508
2023-06-02,27.889999389648438,28.059999465942383
2023-06-05,28.0,27.579999923706055
2023-06-06,27.610000610351562,28.40999984741211
2023-06-07,28.479999542236328,29.649999618530273
2023-06-08,29.540000915527344,29.559999465942383
2023-06-09,29.559999465942383,29.3799991607666
2023-06-12,29.34000015258789,29.1200008392334
2023-06-13,29.09000015258789,28.760000228881836
2023-06-14,28.420000076293945,27.700000762939453
2023-06-15,27.540000915527344,27.969999313354492
2023-06-16,28.110000610351562,27.799999237060547
2023-06-20,27.610000610351562,27.34000015258789
2023-06-21,27.1200008392334,26.780000686645508
2023-06-22,26.81999969482422,26.93000030517578
2023-06-23,26.8799991607666,26.450000762939453
2023-06-26,26.649999618530273,27.059999465942383
2023-06-27,27.190000534057617,27.18000030517578
2023-06-28,27.25,26.670000076293945
2023-06-29,26.65999984741211,26.850000381469727
2023-06-30,27.0,26.969999313354492
2023-07-03,27.059999465942383,27.260000228881836
2023-07-05,27.100000381469727,26.780000686645508
2023-07-06,26.5,26.510000228881836
2023-07-07,26.290000915527344,25.950000762939453
2023-07-10,25.979999542236328,25.850000381469727
2023-07-11,25.899999618530273,26.3700008392334
2023-07-12,26.90999984741211,26.899999618530273
2023-07-13,26.81999969482422,27.079999923706055
2023-07-14,26.979999542236328,26.239999771118164
2023-07-17,26.209999084472656,25.920000076293945
2023-07-18,26.0,26.170000076293945
2023-07-19,26.40999984741211,26.600000381469727
2023-07-20,26.639999389648438,26.40999984741211
2023-07-21,26.530000686645508,26.5
2023-07-24,26.5,26.450000762939453
2023-07-25,26.510000228881836,26.940000534057617
2023-07-26,26.920000076293945,27.600000381469727
2023-07-27,27.739999771118164,26.350000381469727
2023-07-28,26.639999389648438,26.690000534057617
2023-07-31,26.889999389648438,26.989999771118164
2023-08-01,26.940000534057617,26.479999542236328
2023-08-02,26.110000610351562,26.75
2023-08-03,26.079999923706055,25.329999923706055
2023-08-04,25.489999771118164,24.43000030517578
2023-08-07,24.43000030517578,24.350000381469727
2023-08-08,24.219999313354492,23.940000534057617
2023-08-09,23.889999389648438,24.520000457763672
2023-08-10,24.56999969482422,23.84000015258789
2023-08-11,23.719999313354492,24.18000030517578
2023-08-14,24.1299991607666,23.709999084472656
2023-08-15,23.600000381469727,22.989999771118164
2023-08-16,22.959999084472656,22.979999542236328
2023-08-17,22.950000762939453,23.209999084472656
2023-08-18,23.149999618530273,23.219999313354492
2023-08-21,23.149999618530273,23.079999923706055
2023-08-22,22.979999542236328,22.829999923706055
2023-08-23,23.0,22.860000610351562
2023-08-24,22.790000915527344,22.670000076293945
2023-08-25,22.760000228881836,22.709999084472656
2023-08-28,23.239999771118164,23.1200008392334
2023-08-29,23.1200008392334,23.34000015258789
2023-08-30,23.25,23.1200008392334
2023-08-31,24.979999542236328,25.18000030517578
2023-09-01,25.40999984741211,25.270000457763672
2023-09-05,25.149999618530273,25.1200008392334
2023-09-06,24.959999084472656,24.989999771118164
2023-09-07,25.059999465942383,24.0
2023-09-08,24.18000030517578,24.049999237060547
2023-09-11,24.0,23.790000915527344
2023-09-12,23.690000534057617,23.84000015258789
2023-09-13,23.799999237060547,23.65999984741211
2023-09-14,23.649999618530273,24.09000015258789
2023-09-15,24.0,24.43000030517578
2023-09-18,24.40999984741211,24.3799991607666
2023-09-19,24.3799991607666,24.270000457763672
2023-09-20,24.459999084472656,24.739999771118164
2023-09-21,24.649999618530273,24.280000686645508
2023-09-22,24.350000381469727,24.149999618530273
2023-09-25,24.149999618530273,24.3799991607666
2023-09-26,24.170000076293945,23.579999923706055
2023-09-27,23.59000015258789,23.450000762939453
2023-09-28,23.469999313354492,23.420000076293945
2023-09-29,23.739999771118164,23.0
2023-10-02,22.969999313354492,21.959999084472656
2023-10-03,21.709999084472656,21.450000762939453
2023-10-04,21.510000228881836,21.479999542236328
2023-10-05,21.3799991607666,21.209999084472656
2023-10-06,20.8700008392334,21.010000228881836
2023-10-09,21.020000457763672,21.5
2023-10-10,21.600000381469727,21.75
2023-10-11,21.829999923706055,21.6200008392334
2023-10-12,21.530000686645508,21.270000457763672
2023-10-13,21.559999465942383,21.3799991607666
2023-10-16,21.690000534057617,21.75
2023-10-17,21.469999313354492,22.1200008392334
2023-10-18,22.030000686645508,21.729999542236328
2023-10-19,21.610000610351562,20.920000076293945
2023-10-20,20.969999313354492,20.790000915527344
2023-10-23,20.530000686645508,20.260000228881836
2023-10-24,20.479999542236328,20.739999771118164
2023-10-25,20.780000686645508,21.229999542236328
2023-10-26,21.139999389648438,21.0
2023-10-27,21.059999465942383,20.700000762939453
2023-10-30,20.850000381469727,20.5
2023-10-31,20.540000915527344,20.799999237060547
2023-11-01,20.8700008392334,20.8700008392334
2023-11-02,21.15999984741211,21.889999389648438
2023-11-03,22.229999542236328,22.360000610351562
2023-11-06,22.280000686645508,21.899999618530273
2023-11-07,21.75,21.809999465942383
2023-11-08,21.739999771118164,21.229999542236328
2023-11-09,21.350000381469727,20.899999618530273
2023-11-10,21.0,20.6200008392334
2023-11-13,20.530000686645508,20.639999389648438
2023-11-14,21.280000686645508,21.889999389648438
2023-11-15,21.8799991607666,22.010000228881836
2023-11-16,22.1200008392334,21.68000030517578
2023-11-17,22.25,22.510000228881836
2023-11-20,22.229999542236328,22.25
2023-11-21,21.969999313354492,21.989999771118164
2023-11-22,22.110000610351562,22.059999465942383
2023-11-24,22.079999923706055,21.93000030517578
2023-11-27,21.93000030517578,21.940000534057617
2023-11-28,21.93000030517578,22.040000915527344
2023-11-29,22.190000534057617,21.84000015258789
2023-11-30,21.920000076293945,21.989999771118164
2023-12-01,21.969999313354492,22.440000534057617
2023-12-04,22.229999542236328,22.799999237060547
2023-12-05,22.690000534057617,22.600000381469727
2023-12-06,22.709999084472656,22.610000610351562
2023-12-07,22.709999084472656,22.84000015258789
2023-12-08,22.93000030517578,22.940000534057617
2023-12-11,22.790000915527344,22.709999084472656
2023-12-12,22.600000381469727,22.100000381469727
2023-12-13,22.0,23.010000228881836
2023-12-14,23.0,23.270000457763672
2023-12-15,23.299999237060547,22.780000686645508
2023-12-18,23.040000915527344,22.969999313354492
2023-12-19,23.110000610351562,23.350000381469727
2023-12-20,23.329999923706055,22.760000228881836
2023-12-21,22.809999465942383,23.75
2023-12-22,23.920000076293945,24.510000228881836
2023-12-26,24.489999771118164,24.860000610351562
2023-12-27,24.8700008392334,24.8700008392334
2023-12-28,24.729999542236328,24.739999771118164
2023-12-29,24.639999389648438,24.600000381469727
2024-01-02,24.600000381469727,24.90999984741211
2024-01-03,24.6200008392334,24.770000457763672
2024-01-04,24.860000610351562,24.84000015258789
2024-01-05,24.65999984741211,24.950000762939453
2024-01-08,24.81999969482422,24.81999969482422
2024-01-09,24.59000015258789,24.43000030517578
2024-01-10,24.399999618530273,24.450000762939453
2024-01-11,24.360000610351562,23.719999313354492
2024-01-12,24.079999923706055,23.700000762939453
2024-01-16,23.670000076293945,22.950000762939453
2024-01-17,22.6200008392334,22.3700008392334
2024-01-18,22.200000762939453,21.920000076293945
2024-01-19,22.020000457763672,22.100000381469727
2024-01-22,22.25,22.690000534057617
2024-01-23,22.950000762939453,22.920000076293945
2024-01-24,23.290000915527344,22.610000610351562
2024-01-25,22.979999542236328,22.940000534057617
2024-01-26,23.110000610351562,23.170000076293945
2024-01-29,23.229999542236328,22.969999313354492
2024-01-30,22.790000915527344,22.469999313354492
2024-01-31,22.700000762939453,22.139999389648438
2024-02-01,22.739999771118164,25.100000381469727
2024-02-02,24.68000030517578,24.540000915527344
2024-02-05,24.100000381469727,23.850000381469727
2024-02-06,23.809999465942383,23.75
2024-02-07,23.81999969482422,23.329999923706055
2024-02-08,23.239999771118164,23.420000076293945
2024-02-09,23.360000610351562,23.559999465942383
2024-02-12,23.65999984741211,24.0
2024-02-13,23.450000762939453,22.959999084472656
2024-02-14,23.200000762939453,23.68000030517578
2024-02-15,23.920000076293945,24.290000915527344
2024-02-16,24.020000457763672,24.34000015258789
2024-02-20,24.18000030517578,24.489999771118164
2024-02-21,24.34000015258789,24.520000457763672
2024-02-22,24.5,24.329999923706055
2024-02-23,24.270000457763672,24.15999984741211
2024-02-26,24.0,23.579999923706055
2024-02-27,23.780000686645508,24.200000762939453
2024-02-28,23.969999313354492,24.459999084472656
2024-02-29,24.649999618530273,24.479999542236328
2024-03-01,24.59000015258789,24.600000381469727
2024-03-04,24.489999771118164,24.90999984741211
2024-03-05,24.899999618530273,25.100000381469727
2024-03-06,25.440000534057617,24.540000915527344
2024-03-07,24.770000457763672,24.899999618530273
2024-03-08,25.079999923706055,25.059999465942383
2024-03-11,25.0,25.559999465942383
2024-03-12,25.350000381469727,25.530000686645508
2024-03-13,25.520000457763672,25.450000762939453
2024-03-14,24.709999084472656,24.25
2024-03-15,24.1200008392334,24.06999969482422
2024-03-18,24.079999923706055,24.1200008392334
2024-03-19,24.15999984741211,24.3700008392334
2024-03-20,24.360000610351562,24.770000457763672
2024-03-21,24.959999084472656,24.479999542236328
2024-03-22,24.65999984741211,24.020000457763672
2024-03-25,24.1299991607666,23.969999313354492
2024-03-26,24.1200008392334,23.729999542236328
2024-03-27,23.8799991607666,24.15999984741211
2024-03-28,24.15999984741211,24.540000915527344
2024-04-01,24.520000457763672,24.010000228881836
2024-04-02,23.75,24.25
2024-04-03,24.229999542236328,24.739999771118164
2024-04-04,25.010000228881836,25.0
2024-04-05,24.780000686645508,25.100000381469727
2024-04-08,25.31999969482422,24.790000915527344
2024-04-09,24.920000076293945,24.989999771118164
2024-04-10,24.270000457763672,24.239999771118164
2024-04-11,24.520000457763672,24.010000228881836
2024-04-12,24.049999237060547,23.459999084472656
2024-04-15,23.579999923706055,23.520000457763672
2024-04-16,23.3799991607666,23.110000610351562
2024-04-17,23.360000610351562,23.700000762939453
2024-04-18,23.719999313354492,23.790000915527344
2024-04-19,23.729999542236328,25.739999771118164
2024-04-22,25.770000457763672,25.479999542236328
2024-04-23,25.270000457763672,25.530000686645508
2024-04-24,25.299999237060547,26.0
2024-04-25,25.860000610351562,25.729999542236328
2024-04-26,25.75,25.3799991607666
2024-04-29,25.6200008392334,25.719999313354492
2024-04-30,25.450000762939453,25.559999465942383
2024-05-01,25.670000076293945,25.889999389648438
2024-05-02,24.850000381469727,24.229999542236328
2024-05-03,24.530000686645508,24.299999237060547
2024-05-06,24.540000915527344,24.350000381469727
2024-05-07,24.549999237060547,24.549999237060547
2024-05-08,24.360000610351562,24.780000686645508
2024-05-09,24.600000381469727,24.920000076293945
2024-05-10,24.979999542236328,24.90999984741211
2024-05-13,25.0,24.65999984741211
2024-05-14,25.0,24.729999542236328
2024-05-15,25.09000015258789,24.860000610351562
2024-05-16,24.760000228881836,25.010000228881836
2024-05-17,24.989999771118164,24.770000457763672
2024-05-20,24.729999542236328,24.540000915527344
2024-05-21,24.510000228881836,24.690000534057617
2024-05-22,24.549999237060547,24.6200008392334
2024-05-23,24.75,24.440000534057617
2024-05-24,24.549999237060547,24.059999465942383
2024-05-28,24.190000534057617,24.260000228881836
2024-05-29,24.200000762939453,24.25
2024-05-30,24.260000228881836,24.969999313354492
2024-05-31,25.0,25.459999084472656
2024-06-03,25.670000076293945,25.299999237060547
2024-06-04,25.1200008392334,24.719999313354492
2024-06-05,24.65999984741211,24.559999465942383
2024-06-06,23.239999771118164,23.0
2024-06-07,22.81999969482422,23.25
2024-06-10,23.1200008392334,23.25
2024-06-11,23.040000915527344,22.850000381469727
2024-06-12,23.440000534057617,22.729999542236328
2024-06-13,22.729999542236328,22.489999771118164
2024-06-14,22.030000686645508,22.6299991607666
2024-06-17,22.450000762939453,22.469999313354492
2024-06-18,22.399999618530273,22.079999923706055
2024-06-20,22.139999389648438,22.850000381469727
2024-06-21,22.989999771118164,22.760000228881836
2024-06-24,22.809999465942383,23.06999969482422
2024-06-25,23.100000381469727,22.700000762939453
2024-06-26,22.549999237060547,22.93000030517578
2024-06-27,22.84000015258789,22.690000534057617
2024-06-28,22.84000015258789,22.899999618530273
2024-07-01,23.010000228881836,22.729999542236328
2024-07-02,22.81999969482422,22.559999465942383
2024-07-03,22.709999084472656,22.549999237060547
2024-07-05,22.549999237060547,22.3799991607666
2024-07-08,22.450000762939453,22.229999542236328
2024-07-09,22.149999618530273,22.309999465942383
2024-07-10,22.649999618530273,22.56999969482422
2024-07-11,22.950000762939453,23.059999465942383
2024-07-12,23.200000762939453,23.420000076293945
2024-07-15,23.389999389648438,23.440000534057617
2024-07-16,23.59000015258789,24.079999923706055
2024-07-17,24.110000610351562,24.579999923706055
2024-07-18,24.479999542236328,24.579999923706055
2024-07-19,24.520000457763672,24.3700008392334
2024-07-22,24.399999618530273,24.229999542236328
2024-07-23,24.100000381469727,24.229999542236328
2024-07-24,24.3700008392334,24.3799991607666
2024-07-25,24.450000762939453,24.489999771118164
2024-07-26,24.639999389648438,24.639999389648438
2024-07-29,24.65999984741211,24.729999542236328
2024-07-30,24.770000457763672,24.770000457763672
2024-07-31,24.809999465942383,24.780000686645508
2024-08-01,24.780000686645508,24.920000076293945
2024-08-02,24.81999969482422,24.700000762939453
2024-08-05,24.290000915527344,23.93000030517578
2024-08-06,23.829999923706055,24.280000686645508
2024-08-07,24.549999237060547,24.360000610351562
2024-08-08,23.700000762939453,23.420000076293945
2024-08-09,23.31999969482422,23.450000762939453
2024-08-12,23.3700008392334,23.3799991607666
2024-08-13,23.420000076293945,23.649999618530273
2024-08-14,23.6200008392334,23.639999389648438
2024-08-15,23.790000915527344,24.139999389648438
2024-08-16,24.170000076293945,24.3700008392334
2024-08-19,24.34000015258789,24.450000762939453
2024-08-20,24.399999618530273,24.6299991607666
2024-08-21,24.809999465942383,24.610000610351562
2024-08-22,24.610000610351562,24.489999771118164
2024-08-23,24.65999984741211,24.600000381469727
2024-08-26,24.780000686645508,24.809999465942383
2024-08-27,24.770000457763672,24.479999542236328
2024-08-28,24.469999313354492,24.65999984741211
2024-08-29,24.729999542236328,24.6200008392334
2024-08-30,24.690000534057617,24.90999984741211
2024-09-03,24.84000015258789,24.90999984741211
2024-09-04,25.0,25.049999237060547
2024-09-05,25.260000228881836,24.520000457763672
2024-09-06,24.520000457763672,23.969999313354492
2024-09-09,23.979999542236328,23.920000076293945
2024-09-10,23.920000076293945,23.84000015258789
2024-09-11,23.719999313354492,23.459999084472656
2024-09-12,23.489999771118164,23.489999771118164
2024-09-13,23.649999618530273,24.020000457763672
2024-09-16,23.719999313354492,24.030000686645508
2024-09-17,24.030000686645508,23.81999969482422
2024-09-18,23.790000915527344,24.149999618530273
2024-09-19,24.329999923706055,24.489999771118164
2024-09-20,24.5,24.030000686645508
2024-09-23,24.170000076293945,24.420000076293945
2024-09-24,24.3799991607666,24.719999313354492
2024-09-25,24.829999923706055,24.729999542236328
2024-09-26,24.639999389648438,24.6299991607666
2024-09-27,24.84000015258789,24.93000030517578
2024-09-30,24.940000534057617,25.020000457763672
2024-10-01,24.950000762939453,24.520000457763672
2024-10-02,24.399999618530273,24.329999923706055
2024-10-03,24.290000915527344,24.170000076293945
2024-10-04,24.170000076293945,24.15999984741211
2024-10-07,24.079999923706055,23.809999465942383
2024-10-08,23.780000686645508,23.760000228881836
2024-10-09,23.690000534057617,23.90999984741211
2024-10-10,23.90999984741211,23.920000076293945
2024-10-11,24.149999618530273,24.600000381469727
2024-10-14,24.799999237060547,24.760000228881836
2024-10-15,24.850000381469727,25.329999923706055
2024-10-16,25.450000762939453,25.15999984741211
2024-10-17,25.1299991607666,24.860000610351562
2024-10-18,24.860000610351562,25.299999237060547
2024-10-21,25.290000915527344,25.010000228881836
2024-10-22,24.979999542236328,24.950000762939453
2024-10-23,24.899999618530273,24.8700008392334
2024-10-24,24.8700008392334,24.739999771118164
2024-10-25,24.8700008392334,24.6299991607666
2024-10-28,24.700000762939453,24.950000762939453
2024-10-29,24.719999313354492,24.510000228881836
2024-10-30,24.5,24.15999984741211
2024-10-31,24.170000076293945,23.90999984741211
2024-11-01,24.0,23.459999084472656
2024-11-04,23.530000686645508,23.350000381469727
2024-11-05,23.219999313354492,23.459999084472656
2024-11-06,23.829999923706055,23.90999984741211
2024-11-07,24.0,23.860000610351562
2024-11-08,23.8799991607666,23.809999465942383
2024-11-11,23.899999618530273,23.940000534057617
2024-11-12,23.93000030517578,23.719999313354492
2024-11-13,23.850000381469727,23.489999771118164
2024-11-14,23.65999984741211,23.239999771118164
2024-11-15,23.540000915527344,24.1200008392334
2024-11-18,24.0,24.440000534057617
2024-11-19,24.25,24.3700008392334
2024-11-20,24.299999237060547,24.309999465942383
2024-11-21,24.309999465942383,24.780000686645508
2024-11-22,25.260000228881836,28.5
2024-11-25,28.600000381469727,29.329999923706055
2024-11-26,29.309999465942383,29.979999542236328
2024-11-27,30.239999771118164,30.040000915527344
2024-11-29,30.09000015258789,30.3700008392334
2024-12-02,30.329999923706055,28.770000457763672
2024-12-03,28.959999084472656,29.139999389648438
2024-12-04,29.079999923706055,28.899999618530273
2024-12-05,28.860000610351562,28.030000686645508
2024-12-06,28.030000686645508,27.719999313354492
2024-12-09,27.770000457763672,28.329999923706055
2024-12-10,28.219999313354492,28.540000915527344
2024-12-11,28.600000381469727,28.639999389648438
2024-12-12,28.739999771118164,28.790000915527344
2024-12-13,28.719999313354492,28.549999237060547
2024-12-16,28.0,28.079999923706055
2024-12-17,27.959999084472656,27.700000762939453
2024-12-18,27.8700008392334,26.739999771118164
2024-12-19,26.850000381469727,27.110000610351562
2024-12-20,27.0,27.270000457763672
2024-12-23,27.420000076293945,27.559999465942383
2024-12-24,27.579999923706055,27.90999984741211
2024-12-26,27.8700008392334,28.049999237060547
2024-12-27,27.850000381469727,27.989999771118164
2024-12-30,27.670000076293945,28.15999984741211
2024-12-31,28.229999542236328,28.229999542236328
2025-01-02,28.5,28.280000686645508
2025-01-03,28.31999969482422,28.6299991607666
2025-01-06,28.68000030517578,28.0
2025-01-07,27.989999771118164,28.350000381469727
2025-01-08,27.969999313354492,28.489999771118164
2025-01-10,28.329999923706055,28.299999237060547
2025-01-13,28.540000915527344,28.81999969482422
2025-01-14,28.969999313354492,29.389999389648438
2025-01-15,29.760000228881836,29.31999969482422
2025-01-16,29.25,29.979999542236328
2025-01-17,30.06999969482422,30.09000015258789
2025-01-21,30.290000915527344,30.549999237060547
2025-01-22,30.530000686645508,30.229999542236328
2025-01-23,30.31999969482422,30.520000457763672
2025-01-24,30.549999237060547,30.31999969482422
2025-01-27,30.5,30.799999237060547
2025-01-28,30.8799991607666,30.40999984741211
2025-01-29,30.450000762939453,29.809999465942383
2025-01-30,30.239999771118164,30.989999771118164
2025-01-31,30.959999084472656,30.729999542236328
2025-02-03,30.229999542236328,31.020000457763672
2025-02-04,31.0,31.059999465942383
2025-02-05,31.1200008392334,31.3799991607666
2025-02-06,31.6200008392334,32.0099983215332
2025-02-07,31.979999542236328,32.0
2025-02-10,32.119998931884766,31.530000686645508
2025-02-11,31.600000381469727,32.13999938964844
2025-02-12,31.700000762939453,32.31999969482422
2025-02-13,32.18000030517578,32.349998474121094
2025-02-14,32.58000183105469,32.279998779296875
2025-02-18,32.22999954223633,33.040000915527344
2025-02-19,32.939998626708984,32.70000076293945
2025-02-20,32.599998474121094,32.75
2025-02-21,32.880001068115234,33.040000915527344
2025-02-24,33.25,33.290000915527344
2025-02-25,33.34000015258789,33.36000061035156
2025-02-26,33.279998779296875,33.150001525878906
2025-02-27,33.0,33.22999954223633
2025-02-28,33.34000015258789,34.15999984741211
2025-03-03,34.25,33.9900016784668
2025-03-04,33.9900016784668,33.04999923706055
2025-03-05,33.0,33.11000061035156
2025-03-06,32.900001525878906,32.84000015258789
2025-03-07,32.880001068115234,33.02000045776367
2025-03-10,33.130001068115234,32.47999954223633
2025-03-11,32.52000045776367,32.380001068115234
2025-03-12,32.31999969482422,32.25
2025-03-13,32.45000076293945,31.979999542236328
2025-03-14,32.04999923706055,33.119998931884766
2025-03-17,32.7400016784668,33.040000915527344
2025-03-18,32.88999938964844,32.91999816894531
2025-03-19,32.939998626708984,33.150001525878906
2025-03-20,33.16999816894531,33.61000061035156
2025-03-21,33.650001525878906,33.20000076293945
2025-03-24,33.150001525878906,33.13999938964844
2025-03-25,33.0,32.83000183105469
2025-03-26,33.060001373291016,33.040000915527344
2025-03-27,33.099998474121094,32.939998626708984
2025-03-28,32.970001220703125,32.86000061035156
2025-03-31,32.880001068115234,33.06999969482422
2025-04-01,33.849998474121094,33.5
2025-04-02,33.27000045776367,33.709999084472656
2025-04-03,33.459999084472656,32.380001068115234
2025-04-04,31.610000610351562,31.020000457763672
2025-04-07,29.56999969482422,30.510000228881836
2025-04-08,31.149999618530273,30.18000030517578
2025-04-09,29.6200008392334,31.270000457763672
2025-04-10,30.75,30.959999084472656
2025-04-11,31.1299991607666,31.520000457763672
2025-04-14,31.989999771118164,31.989999771118164
2025-04-15,32.02000045776367,32.06999969482422
2025-04-16,32.34000015258789,32.79999923706055
2025-04-17,32.81999969482422,33.150001525878906
2025-04-21,32.95000076293945,32.40999984741211
2025-04-22,32.70000076293945,32.83000183105469
2025-04-23,33.0,32.75
2025-04-24,32.66999816894531,32.689998626708984
2025-04-25,32.619998931884766,32.630001068115234
2025-04-28,32.810001373291016,32.68000030517578
2025-04-29,32.4900016784668,32.75
2025-04-30,32.33000183105469,32.790000915527344
2025-05-01,32.849998474121094,33.06999969482422
2025-05-02,33.25,33.45000076293945
2025-05-05,33.38999938964844,33.52000045776367
2025-05-06,33.47999954223633,33.540000915527344
2025-05-07,33.650001525878906,33.56999969482422
2025-05-08,34.040000915527344,34.93000030517578
2025-05-09,34.95000076293945,35.0
2025-05-12,35.09000015258789,34.47999954223633
2025-05-13,34.54999923706055,34.650001525878906
2025-05-14,34.5,34.529998779296875
2025-05-15,34.66999816894531,35.310001373291016
2025-05-16,35.22999954223633,35.47999954223633
2025-05-19,35.33000183105469,35.93000030517578
2025-05-20,35.95000076293945,36.029998779296875
2025-05-21,35.72999954223633,35.599998474121094
2025-05-22,35.439998626708984,35.59000015258789
2025-05-23,35.619998931884766,36.08000183105469
2025-05-27,36.119998931884766,36.130001068115234
2025-05-28,36.0,35.61000061035156
2025-05-29,35.59000015258789,35.900001525878906
2025-05-30,35.790000915527344,36.060001373291016
2025-06-02,36.0099983215332,36.4900016784668
2025-06-03,36.54999923706055,36.2599983215332
2025-06-04,36.15999984741211,35.459999084472656
2025-06-05,35.630001068115234,35.34000015258789
2025-06-06,35.619998931884766,35.5099983215332
2025-06-09,35.380001068115234,35.529998779296875
2025-06-10,35.66999816894531,36.06999969482422
2025-06-11,36.119998931884766,36.04999923706055
2025-06-12,36.0099983215332,36.59000015258789
2025-06-13,36.459999084472656,36.20000076293945
2025-06-16,36.040000915527344,35.900001525878906
2025-06-17,35.90999984741211,36.22999954223633
2025-06-18,36.189998626708984,36.369998931884766
2025-06-20,36.459999084472656,36.31999969482422
2025-06-23,36.369998931884766,36.400001525878906
2025-06-24,36.470001220703125,36.4900016784668
2025-06-25,36.29999923706055,35.709999084472656
2025-06-26,35.7599983215332,36.04999923706055
2025-06-27,36.060001373291016,36.130001068115234
2025-06-30,36.130001068115234,36.41999816894531
2025-07-01,35.95000076293945,35.08000183105469
2025-07-02,35.119998931884766,35.20000076293945
2025-07-03,35.060001373291016,35.400001525878906
2025-07-07,35.31999969482422,35.290000915527344
2025-07-08,35.130001068115234,35.13999938964844
2025-07-09,35.2599983215332,35.630001068115234
2025-07-10,35.61000061035156,35.79999923706055
2025-07-11,35.689998626708984,35.58000183105469
2025-07-14,35.70000076293945,36.29999923706055
2025-07-15,36.16999816894531,35.84000015258789
2025-07-16,35.72999954223633,35.95000076293945
2025-07-17,36.08000183105469,36.02000045776367
2025-07-18,36.18000030517578,36.34000015258789
2025-07-21,36.36000061035156,36.68000030517578
2025-07-22,36.77000045776367,37.13999938964844
2025-07-23,37.2400016784668,36.52000045776367
2025-07-24,36.5099983215332,35.84000015258789
2025-07-25,35.91999816894531,36.029998779296875
2025-07-28,35.900001525878906,35.65999984741211
2025-07-29,35.77000045776367,35.720001220703125
2025-07-30,35.79999923706055,35.7400016784668
2025-07-31,35.5099983215332,36.18000030517578
2025-08-01,36.38999938964844,36.04999923706055
2025-08-04,36.27000045776367,36.869998931884766
2025-08-05,36.959999084472656,36.349998474121094
2025-08-06,36.599998474121094,36.16999816894531
2025-08-07,34.400001525878906,35.459999084472656
2025-08-08,35.38999938964844,35.11000061035156
2025-08-11,35.290000915527344,35.13999938964844
2025-08-12,35.25,35.2400016784668
2025-08-13,35.54999923706055,35.93000030517578
2025-08-14,35.650001525878906,35.75
2025-08-15,35.75,35.22999954223633
2025-08-18,35.189998626708984,34.59000015258789
2025-08-19,34.560001373291016,34.5099983215332
2025-08-20,34.7400016784668,34.849998474121094
2025-08-21,34.619998931884766,34.790000915527344
2025-08-22,35.0,35.31999969482422
2025-08-25,35.130001068115234,35.119998931884766
2025-08-26,35.040000915527344,34.810001373291016
2025-08-27,34.84000015258789,35.0099983215332
2025-08-28,34.9900016784668,34.61000061035156
2025-08-29,34.68000030517578,34.63999938964844
2025-09-02,34.31999969482422,34.25
2025-09-03,34.119998931884766,33.97999954223633
2025-09-04,34.25,34.41999816894531
2025-09-05,34.4900016784668,34.56999969482422
2025-09-08,34.54999923706055,34.29999923706055
2025-09-09,34.310001373291016,34.22999954223633
2025-09-10,34.20000076293945,34.349998474121094
2025-09-11,34.40999984741211,34.83000183105469
2025-09-12,34.7400016784668,34.7599983215332
2025-09-15,34.400001525878906,34.04999923706055
2025-09-16,34.04999923706055,33.119998931884766
2025-09-17,33.119998931884766,32.86000061035156
2025-09-18,32.630001068115234,33.0
2025-09-19,32.97999954223633,32.900001525878906
2025-09-22,32.810001373291016,32.790000915527344
2025-09-23,32.810001373291016,32.959999084472656
2025-09-24,32.959999084472656,32.849998474121094
2025-09-25,32.959999084472656,32.63999938964844
2025-09-26,32.75,33.22999954223633
2025-09-29,33.22999954223633,33.18000030517578
2025-09-30,33.150001525878906,33.2599983215332
2025-10-01,33.2599983215332,33.4900016784668
2025-10-02,33.310001373291016,32.43000030517578
2025-10-03,32.400001525878906,32.619998931884766
2025-10-06,32.52000045776367,32.380001068115234
2025-10-07,32.43000030517578,32.290000915527344
2025-10-08,32.43000030517578,32.36000061035156
2025-10-09,32.439998626708984,31.920000076293945
2025-10-10,31.959999084472656,31.780000686645508
2025-10-13,31.799999237060547,31.75
2025-10-14,31.68000030517578,31.8700008392334
2025-10-15,31.899999618530273,32.560001373291016
2025-10-16,32.56999969482422,32.150001525878906
2025-10-17,32.189998626708984,32.40999984741211
2025-10-20,32.52000045776367,32.7599983215332
2025-10-21,33.0,33.54999923706055
2025-10-22,33.630001068115234,33.369998931884766
2025-10-23,33.540000915527344,33.310001373291016
2025-10-24,33.34000015258789,33.720001220703125
2025-10-27,33.709999084472656,33.97999954223633
2025-10-28,33.88999938964844,33.59000015258789
2025-10-29,33.599998474121094,33.209999084472656
2025-10-30,33.279998779296875,33.40999984741211
2025-10-31,33.209999084472656,33.43000030517578
2025-11-03,33.279998779296875,33.47999954223633
2025-11-04,33.439998626708984,33.70000076293945
2025-11-05,33.66999816894531,33.70000076293945
2025-11-06,33.86000061035156,33.72999954223633
2025-11-07,33.81999969482422,33.95000076293945
2025-11-10,33.900001525878906,34.22999954223633
2025-11-11,34.31999969482422,34.599998474121094
2025-11-12,34.54999923706055,34.58000183105469
2025-11-13,34.59000015258789,34.959999084472656
2025-11-14,34.72999954223633,34.84000015258789
2025-11-17,34.9900016784668,34.709999084472656
2025-11-18,34.810001373291016,34.91999816894531
2025-11-19,34.91999816894531,34.84000015258789
2025-11-20,34.849998474121094,35.130001068115234
2025-11-21,35.0,37.61000061035156
2025-11-24,37.650001525878906,38.59000015258789
2025-11-25,38.59000015258789,38.779998779296875
2025-11-26,38.68000030517578,39.04999923706055
2025-11-28,39.04999923706055,39.54999923706055
2025-12-01,39.2400016784668,39.38999938964844
2025-12-02,39.349998474121094,38.130001068115234
2025-12-03,38.31999969482422,37.63999938964844
2025-12-04,37.540000915527344,37.400001525878906
2025-12-05,37.29999923706055,37.5099983215332
2025-12-08,37.349998474121094,37.75
2025-12-09,37.95000076293945,37.75
2025-12-10,37.81999969482422,37.58000183105469
2025-12-11,37.58000183105469,38.040000915527344
2025-12-12,38.290000915527344,38.209999084472656
2025-12-15,38.04999923706055,38.189998626708984
2025-12-16,38.29999923706055,38.130001068115234
2025-12-17,38.130001068115234,38.310001373291016
2025-12-18,38.400001525878906,38.47999954223633
2025-12-19,38.279998779296875,38.099998474121094
2025-12-22,37.95000076293945,38.630001068115234
2025-12-23,38.68000030517578,38.29999923706055
2025-12-24,38.43000030517578,38.43000030517578
2025-12-26,38.40999984741211,38.11000061035156
2025-12-29,38.220001220703125,38.040000915527344
2025-12-30,38.119998931884766,37.72999954223633
2025-12-31,37.70000076293945,37.43000030517578
2026-01-02,37.279998779296875,37.630001068115234
2026-01-05,37.5,37.75
2026-01-06,37.689998626708984,37.31999969482422
2026-01-07,37.439998626708984,36.79999923706055
2026-01-08,36.689998626708984,37.20000076293945
2026-01-09,37.290000915527344,37.06999969482422
2026-01-12,37.029998779296875,37.209999084472656
2026-01-13,37.380001068115234,37.09000015258789
2026-01-14,37.13999938964844,37.220001220703125
2026-01-15,37.29999923706055,37.47999954223633
2026-01-16,37.33000183105469,37.52000045776367
2026-01-20,37.380001068115234,37.15999984741211
2026-01-21,37.540000915527344,38.060001373291016
2026-01-22,38.310001373291016,38.5099983215332
2026-01-23,38.38999938964844,38.849998474121094
2026-01-26,39.0,39.790000915527344
2026-01-27,39.72999954223633,39.970001220703125
2026-01-28,40.04999923706055,40.630001068115234
2026-01-29,40.810001373291016,40.599998474121094
2026-01-30,40.439998626708984,40.11000061035156
2026-02-02,40.16999816894531,40.15999984741211
2026-02-03,40.189998626708984,40.0099983215332
2026-02-04,40.0,40.38999938964844
2026-02-05,39.4900016784668,37.83000183105469
2026-02-06,38.16999816894531,37.09000015258789
2026-02-09,36.97999954223633,37.34000015258789
2026-02-10,37.59000015258789,37.65999984741211
2026-02-11,37.77000045776367,38.119998931884766
2026-02-12,38.119998931884766,38.2599983215332
2026-02-13,37.869998931884766,38.7599983215332
2026-02-17,38.75,38.59000015258789
2026-02-18,38.560001373291016,38.09000015258789
2026-02-19,38.29999923706055,38.400001525878906
2026-02-20,38.59000015258789,38.290000915527344
2026-02-23,38.34000015258789,37.45000076293945
2026-02-24,37.5,37.439998626708984
2026-02-25,37.38999938964844,37.20000076293945
2026-02-26,37.189998626708984,37.41999816894531
2026-02-27,37.380001068115234,37.40999984741211
2026-03-02,37.400001525878906,37.560001373291016
2026-03-03,37.029998779296875,37.08000183105469
2026-03-04,37.16999816894531,36.66999816894531
2026-03-05,36.630001068115234,36.75
2026-03-06,36.70000076293945,36.75
2026-03-09,36.650001525878906,36.72999954223633
2026-03-10,36.5,36.2599983215332
2026-03-11,36.099998474121094,37.130001068115234
2026-03-12,36.689998626708984,36.83000183105469
2026-03-13,37.20000076293945,37.130001068115234
2026-03-16,37.08000183105469,36.31999969482422
2026-03-17,36.540000915527344,36.33000183105469
2026-03-18,36.25,36.33000183105469
2026-03-19,36.33000183105469,36.88999938964844
2026-03-20,36.79999923706055,35.349998474121094
2026-03-23,35.619998931884766,35.97999954223633
2026-03-24,35.84000015258789,36.540000915527344
2026-03-25,36.88999938964844,36.40999984741211
2026-03-26,36.2400016784668,36.630001068115234
2026-03-27,36.619998931884766,36.66999816894531
2026-03-30,36.869998931884766,36.689998626708984
2026-03-31,36.959999084472656,36.41999816894531
2026-04-01,36.220001220703125,36.06999969482422
2026-04-02,36.0099983215332,36.77000045776367
2026-04-06,36.5099983215332,36.29999923706055
2026-04-07,36.380001068115234,37.02000045776367
2026-04-08,37.0099983215332,37.790000915527344
2026-04-09,37.88999938964844,38.380001068115234
2026-04-10,38.290000915527344,37.939998626708984
2026-04-13,37.86000061035156,37.58000183105469
2026-04-14,37.470001220703125,37.22999954223633
2026-04-15,36.91999816894531,37.099998474121094
2026-04-16,37.040000915527344,37.150001525878906
2026-04-17,37.150001525878906,36.779998779296875
2026-04-20,36.65999984741211,36.81999969482422
2026-04-21,36.900001525878906,36.52000045776367
2026-04-22,36.79999923706055,36.150001525878906
2026-04-23,36.38999938964844,37.20000076293945
2026-04-24,37.220001220703125,36.91999816894531
2026-04-27,37.09000015258789,37.22999954223633
2026-04-28,37.72999954223633,37.77000045776367
2026-04-29,37.790000915527344,37.56999969482422
2026-04-30,37.2400016784668,36.09000015258789
2026-05-01,35.77000045776367,35.400001525878906
2026-05-04,35.220001220703125,34.900001525878906
2026-05-05,35.18000030517578,35.189998626708984
2026-05-06,35.18000030517578,35.06999969482422
2026-05-07,34.529998779296875,32.31999969482422
