{
 "features": [
  "ret_21",
  "ret_63",
  "ret_126",
  "ret_252",
  "mom_12_1",
  "dist_high_252",
  "days_since_high_252",
  "vol_20",
  "vol_60",
  "vol_120",
  "vol_ratio_20_60",
  "vol_ratio_20_120",
  "up_share_63",
  "max_ret_21",
  "skew_60",
  "volm_ratio_20_120",
  "updown_volm_63",
  "range_contr_10_60",
  "beta_252",
  "idio_mom_252"
 ],
 "lgbm_params": {
  "objective": "regression",
  "n_estimators": 400,
  "learning_rate": 0.05,
  "num_leaves": 31,
  "min_child_samples": 200,
  "colsample_bytree": 0.8,
  "subsample": 1.0,
  "n_jobs": 1,
  "random_state": 7,
  "verbose": -1
 },
 "fit_dates": [
  "2008-01-11",
  "2008-07-14",
  "2009-01-12",
  "2009-07-14",
  "2010-01-12",
  "2010-07-14",
  "2011-01-11",
  "2011-07-13",
  "2012-01-11",
  "2012-07-12",
  "2013-01-14",
  "2013-07-16",
  "2014-01-14",
  "2014-07-16",
  "2015-01-14",
  "2015-07-16",
  "2016-01-14",
  "2016-07-15",
  "2017-01-13",
  "2017-07-17",
  "2018-01-16",
  "2018-07-17",
  "2019-01-16",
  "2019-07-18",
  "2020-01-16",
  "2020-07-17",
  "2021-01-15",
  "2021-07-19",
  "2022-01-14",
  "2022-07-19",
  "2023-01-18",
  "2023-07-20",
  "2024-01-19",
  "2024-07-22",
  "2025-01-22",
  "2025-07-24",
  "2026-01-23"
 ],
 "importances_gain_share": [
  [
   0.022892390627262383,
   0.036029633666723064,
   0.05867678296402934,
   0.05199404581359872,
   0.0549209494641853,
   0.05346925964572162,
   0.08016714393541823,
   0.03341885517140672,
   0.0665200360169239,
   0.09883706203813676,
   0.019900900782444553,
   0.023959558473079633,
   0.04654734086722404,
   0.03067808302069855,
   0.055020445569577255,
   0.04356230677865888,
   0.03514466694058197,
   0.020864607206017412,
   0.09255829546214894,
   0.07483763555616275
  ],
  [
   0.02233530769731814,
   0.03815762079511092,
   0.059063440459578,
   0.05447157993641939,
   0.05374923769093849,
   0.05189193448409801,
   0.0727754431299363,
   0.029024137045365193,
   0.06815693509538445,
   0.0895375377136722,
   0.019633528414752213,
   0.028511933745186034,
   0.04421210661491239,
   0.032113551572208375,
   0.06786206954087284,
   0.04179228456911452,
   0.03336922029469268,
   0.020394449675768856,
   0.09731697514676252,
   0.07563070637790845
  ],
  [
   0.022653043644902653,
   0.03503761901108147,
   0.05626086156542335,
   0.05171922387868559,
   0.0573121656915208,
   0.05020503742195381,
   0.08219450383323111,
   0.026576044422643566,
   0.06917729147034407,
   0.09481304492025136,
   0.01774270634164154,
   0.024217173569383826,
   0.04006454511665974,
   0.027590007585634787,
   0.06315121715223129,
   0.034028245756480065,
   0.038039927184189415,
   0.01796426911264887,
   0.11637328464253092,
   0.07487978767856175
  ],
  [
   0.02291051216238544,
   0.0402033672020999,
   0.05635284554158939,
   0.04715258026459382,
   0.055394577887750644,
   0.05337493516779648,
   0.09357234134237108,
   0.023973716683226648,
   0.06077198917325229,
   0.09207698211093189,
   0.019655595738537854,
   0.0244299897306504,
   0.044467537766238296,
   0.025273091338826083,
   0.05506913978453051,
   0.03386966263680206,
   0.03396064793335583,
   0.015948104814377143,
   0.12088425217302112,
   0.0806581305476631
  ],
  [
   0.01932600881438277,
   0.03555452206014683,
   0.05275717896071421,
   0.0678857926241259,
   0.05361993129831068,
   0.05983726936470016,
   0.11589522122487682,
   0.020661961909299843,
   0.05165041073104427,
   0.08124444116808086,
   0.015974759093788576,
   0.021338540735203727,
   0.043105965212964566,
   0.019172942905040756,
   0.05025750679109584,
   0.03397415264580117,
   0.029485048341406292,
   0.014541622994579714,
   0.10871289086478249,
   0.10500383225965455
  ],
  [
   0.021369427555245055,
   0.03593268527137113,
   0.04848207593749636,
   0.06475812499933398,
   0.05077118401360245,
   0.06170948409517681,
   0.11174889174507743,
   0.02256840160095544,
   0.04970812283516438,
   0.0845945463450209,
   0.016179672877598396,
   0.02355493043585983,
   0.041994721552581854,
   0.022753147966010003,
   0.04815108746420135,
   0.03322349032838764,
   0.03069198160986081,
   0.016273685796774524,
   0.112223471022608,
   0.10331086654767364
  ],
  [
   0.020677691210665906,
   0.03734020811335677,
   0.051485813477124755,
   0.06336945448332847,
   0.05000231257811353,
   0.061288363723094,
   0.10951734283032696,
   0.022448103686930277,
   0.04933953526446073,
   0.09298905192979083,
   0.015847332387879175,
   0.021711693276768706,
   0.04139283071344624,
   0.023424808371662036,
   0.05103958476763541,
   0.031767106600005465,
   0.02926313832558075,
   0.014933826470671962,
   0.1095369057529916,
   0.10262489603616644
  ],
  [
   0.019930681145397477,
   0.036008969080845804,
   0.05055538673969874,
   0.05900743758658074,
   0.05098391444192526,
   0.06040411079283942,
   0.11225120735996864,
   0.027406619917832213,
   0.04870573769898929,
   0.09556840295661305,
   0.015518542497370943,
   0.021702910981931486,
   0.043191747658656514,
   0.024158920743884246,
   0.04939522828163079,
   0.03243762421212442,
   0.034140725969768713,
   0.015481153128215484,
   0.11222871374998375,
   0.09092196505574303
  ],
  [
   0.01934925283684638,
   0.03469134114334675,
   0.05491864879955985,
   0.06299996659272344,
   0.049416256104451585,
   0.05929650270392741,
   0.11002047040937912,
   0.024630171162958316,
   0.048722950228544025,
   0.09459526281279837,
   0.01550707611332535,
   0.02024558874233129,
   0.040069072317354855,
   0.024582776393287323,
   0.05159623976146247,
   0.029612701027726503,
   0.031058850907635056,
   0.015004350666547732,
   0.11550794370768877,
   0.09817457756810538
  ],
  [
   0.02271983950616131,
   0.03300833676719793,
   0.05475215723882225,
   0.0653001580064856,
   0.0496139743772742,
   0.057825412779245244,
   0.1127832899733267,
   0.023114188998356083,
   0.05073250261194143,
   0.09556227739338671,
   0.014198852595363378,
   0.020826102742434998,
   0.0357330850107157,
   0.02257794445179539,
   0.048137347729756995,
   0.029981525873821434,
   0.035397694309151975,
   0.014350034278600005,
   0.1228935414476389,
   0.09049173390852375
  ],
  [
   0.022276902915817236,
   0.03626548956376003,
   0.04991767897252459,
   0.06262987863200442,
   0.05039195573959476,
   0.0582107676278107,
   0.1088127733325046,
   0.023664930791048703,
   0.05271293002579087,
   0.09708786416429094,
   0.015301988032360162,
   0.018596602968386923,
   0.038803144138384184,
   0.022184489565457325,
   0.04711110523403946,
   0.028393382083557902,
   0.03683692341048604,
   0.01258151498704133,
   0.1262768015685093,
   0.09194287624663053
  ],
  [
   0.023187267609398897,
   0.03881483748048681,
   0.05136388670939809,
   0.06435458888047114,
   0.05230007109392162,
   0.061134734556697184,
   0.11806965878154722,
   0.025335095611607145,
   0.04917990598866143,
   0.08848624946530538,
   0.01458824310078154,
   0.019065194710671324,
   0.042853076292346,
   0.022208538127334265,
   0.04937708340365175,
   0.031495494239309946,
   0.03403674999963452,
   0.013950869024464175,
   0.11444825172957379,
   0.08575020319473776
  ],
  [
   0.02220415045988431,
   0.04096589808091643,
   0.04984052452790883,
   0.061974172475753514,
   0.051720075007999,
   0.05598477390306033,
   0.11450360558116741,
   0.026429170213749485,
   0.04622258617097154,
   0.0898942661722534,
   0.013600581639602058,
   0.020100425452167916,
   0.04058838693129991,
   0.022412924818285516,
   0.047054204890050445,
   0.03170715826557759,
   0.03855560732923841,
   0.015742146202645944,
   0.12427925593577262,
   0.08622008594169535
  ],
  [
   0.023692529902940605,
   0.03508681603987185,
   0.049360051883424606,
   0.06265168132722293,
   0.05449318749518242,
   0.06175104598955827,
   0.11409881573815725,
   0.021611930146612744,
   0.046852601066590754,
   0.0855668913595752,
   0.017636884034753563,
   0.023288371614191932,
   0.042480142449333104,
   0.023143901535136083,
   0.0484373291809865,
   0.02975646522542564,
   0.039014612881814875,
   0.016630947688089603,
   0.12323712486548558,
   0.0812086695756465
  ],
  [
   0.025917967792254432,
   0.03853580738659029,
   0.04913064081791056,
   0.061747478328256444,
   0.054563836056727835,
   0.05535320992317889,
   0.11289518511104499,
   0.024358720400666035,
   0.04921509953817444,
   0.09087168169990645,
   0.016513248771160133,
   0.02296570947977899,
   0.041233907110147607,
   0.023700643112665905,
   0.05398438479808437,
   0.029930442185193633,
   0.036203791685309926,
   0.014230354462299566,
   0.11957392292183308,
   0.07907396841881642
  ],
  [
   0.022560009033579284,
   0.043902204672605936,
   0.049620962952271,
   0.06232216888592657,
   0.05302753642265178,
   0.05513652235851877,
   0.11264279445705669,
   0.023714805322393753,
   0.04920080103222996,
   0.08771636407401731,
   0.017266472338541207,
   0.020563812904325757,
   0.0405555043281194,
   0.025464301444496077,
   0.050110448481446704,
   0.03226615685416876,
   0.037371806185231116,
   0.01704503835940555,
   0.11984982524214678,
   0.07966246465086761
  ],
  [
   0.022635212523574942,
   0.04082314666723413,
   0.044663276899222254,
   0.05997385502434302,
   0.05649211316647818,
   0.05532173394982744,
   0.11158112433227974,
   0.025927943522384863,
   0.052172073967028144,
   0.08603408152601984,
   0.01694275654068636,
   0.02152709495451722,
   0.0393797041386451,
   0.02645542968694838,
   0.05593764472240969,
   0.02736440909093871,
   0.03691048546217396,
   0.015534493569762779,
   0.12401197370368207,
   0.08031144655184319
  ],
  [
   0.021308156074187738,
   0.03764276849881705,
   0.04503905167991147,
   0.061703373759918634,
   0.061072085560069496,
   0.05576253648596063,
   0.11627737752137943,
   0.021885967178959163,
   0.05161097414612118,
   0.07968528133945067,
   0.015963148065677325,
   0.022881957480532837,
   0.039308700967559215,
   0.029667493015206176,
   0.05223632231307191,
   0.026537313000932383,
   0.03674915626519777,
   0.015179933500769313,
   0.12890934473022245,
   0.08057905841605516
  ],
  [
   0.020125862487350973,
   0.03630499204825437,
   0.04093989874526675,
   0.06064587869846734,
   0.061763921865805045,
   0.054185866892337745,
   0.1169831906171702,
   0.02513307647716534,
   0.05077627851173279,
   0.09008704295504856,
   0.01734931904841335,
   0.02390893908035643,
   0.0408431859770256,
   0.0289275451386522,
   0.050481794595209156,
   0.026581883967842588,
   0.03957050565215595,
   0.015313260739296989,
   0.1268271248302527,
   0.0732504316721959
  ],
  [
   0.02225920599086236,
   0.03911161536537908,
   0.044320389426407085,
   0.060217849046441056,
   0.060169920601013484,
   0.05017063309297974,
   0.11140611219045474,
   0.02083460717437368,
   0.051178180570961684,
   0.08855993466049791,
   0.014651142496423627,
   0.02041609473941687,
   0.039961178620247756,
   0.024436071377835256,
   0.053580935382088864,
   0.026989945383369487,
   0.04066285398440011,
   0.016879173021290664,
   0.13681123183795543,
   0.07738292503760112
  ],
  [
   0.020828961995999762,
   0.03838605936170195,
   0.047041226823538645,
   0.06232558228826986,
   0.057633346982022396,
   0.051914213851509974,
   0.11222243460412974,
   0.027238824668531843,
   0.05011949073949722,
   0.08665960645183786,
   0.01473097636711356,
   0.021866761492103776,
   0.036920071406002786,
   0.025094618685265697,
   0.05492185093667264,
   0.02683221502462715,
   0.039390634018398235,
   0.014962175937957548,
   0.13408487417453988,
   0.07682607419027948
  ],
  [
   0.022755564104736628,
   0.041338015645592856,
   0.04647235460413552,
   0.06336335583165198,
   0.058018739698908965,
   0.05050393116061902,
   0.11342390670148787,
   0.021251985811081838,
   0.05582457299444053,
   0.08509754438257616,
   0.017043752905637987,
   0.01920158161169529,
   0.035695044572495956,
   0.02364159601008098,
   0.055710021227890386,
   0.028335116994665736,
   0.041496149218036356,
   0.014123628941788839,
   0.1342117048254226,
   0.0724914327570545
  ],
  [
   0.021722389668437606,
   0.04341539647674041,
   0.04470312707289979,
   0.06148135425961147,
   0.05737552794785594,
   0.04767971209229441,
   0.11353737020142052,
   0.026674109361253598,
   0.05572037480815024,
   0.08711042866449595,
   0.015050511068307022,
   0.02046030406623477,
   0.037390038963148485,
   0.025480325927424642,
   0.057888267401091695,
   0.02861837862737591,
   0.03959984954360645,
   0.012266467336470792,
   0.13180490928900201,
   0.07202115722417829
  ],
  [
   0.022561438921602825,
   0.041730606184174436,
   0.04592254810412952,
   0.06101546238824301,
   0.0617519103388289,
   0.045333771165028076,
   0.11515794750815231,
   0.026369805873422393,
   0.06111045203173194,
   0.08144055174174396,
   0.015769738884950008,
   0.020591968178701774,
   0.036908255539824214,
   0.02462265490774827,
   0.057064573757866915,
   0.027633130748845432,
   0.03770582789322588,
   0.012506500401995925,
   0.13494022088926652,
   0.06986263454051769
  ],
  [
   0.02121403705259715,
   0.041987600254129204,
   0.04480897785140664,
   0.060892523011103705,
   0.06092669983748599,
   0.045689207055333456,
   0.11173576994965971,
   0.02680668053814286,
   0.051885944393647083,
   0.09200506874834168,
   0.01518694838933141,
   0.019968326751024237,
   0.037207803143721185,
   0.024003618904461645,
   0.06074176675783753,
   0.027395009452993477,
   0.03799371948743246,
   0.015023990387245664,
   0.13213504480628682,
   0.0723912632278181
  ],
  [
   0.020381295409418337,
   0.04077351155197835,
   0.046490025956336584,
   0.05882677556375326,
   0.06092268004932323,
   0.044672772488635694,
   0.11786416078670875,
   0.02491893495334372,
   0.05579132613099422,
   0.09141299715954028,
   0.015223387195625744,
   0.02070012361298407,
   0.03472352305862003,
   0.023900271601145832,
   0.05999032497512817,
   0.027736420752525852,
   0.035795624300946065,
   0.013553723871335552,
   0.13292572937525157,
   0.07339639120640469
  ],
  [
   0.02082852620192125,
   0.04231346137371932,
   0.04583277774109113,
   0.060674228066580724,
   0.05994382761466832,
   0.043684690472554105,
   0.11768906043526024,
   0.023633033026235418,
   0.05083468427600601,
   0.09401785825750446,
   0.018294295329257613,
   0.022981400576754747,
   0.035952747635801155,
   0.026264235871945756,
   0.059155084665395645,
   0.028280693578671905,
   0.035131085346586946,
   0.013581198042719856,
   0.13107572544032137,
   0.06983138604700402
  ],
  [
   0.019332955773664347,
   0.03949095275003217,
   0.04585622171500354,
   0.05909060571388251,
   0.05809574271802331,
   0.04527958466954607,
   0.11481847756385205,
   0.024564275062579088,
   0.04811561615893797,
   0.0995333319011573,
   0.015392338463526646,
   0.02445769751867164,
   0.037756564825691605,
   0.023301236220670388,
   0.05822998850008859,
   0.02722403188391886,
   0.0364397881958834,
   0.011442460742806772,
   0.1439479171125221,
   0.06763021250954164
  ],
  [
   0.019709200400323337,
   0.038462713426592174,
   0.04768186509993581,
   0.06017912801700956,
   0.05435319274454312,
   0.04909391563808894,
   0.12011340764821422,
   0.023223932581989057,
   0.04724800955782202,
   0.09574434046792563,
   0.01606971565064871,
   0.022598870093563803,
   0.03881704409049257,
   0.023008980021572135,
   0.05406602829784699,
   0.028054565649901574,
   0.038262429599382725,
   0.012898585922530457,
   0.14002686137855777,
   0.0703872137130594
  ],
  [
   0.02017377900567177,
   0.041392976344436706,
   0.04708614911315995,
   0.058160315302558975,
   0.05490558152034816,
   0.0482486006632913,
   0.1241181369146367,
   0.02315993585752273,
   0.049655995733122904,
   0.09071958963269224,
   0.014955230585927081,
   0.021949737946824862,
   0.03615351478034697,
   0.025576127025583494,
   0.05255485339738062,
   0.031156454939125888,
   0.03722802801960176,
   0.01247600952135248,
   0.13859829285758715,
   0.07173069083882826
  ],
  [
   0.021456604902711323,
   0.04299294187329997,
   0.048830599360939454,
   0.0613862083276891,
   0.05785206682219566,
   0.05076013211490876,
   0.11576873380822285,
   0.02203668509778166,
   0.04813275643781891,
   0.09186197223692069,
   0.01493820473246758,
   0.023341884472742404,
   0.03808130071139815,
   0.024177744979313853,
   0.054296972842750445,
   0.028292651408692228,
   0.03625923034449768,
   0.012604623484455428,
   0.13861505820500328,
   0.06831362783619059
  ],
  [
   0.020708860492318456,
   0.04020582823068412,
   0.045463337486889445,
   0.06102553163654582,
   0.05415987621033237,
   0.047616738013704855,
   0.12057058582487118,
   0.02279969370990469,
   0.052024893857314965,
   0.08920620682692955,
   0.015942781504645526,
   0.026593148704462687,
   0.035187371137739426,
   0.02331033780092806,
   0.05912794811186051,
   0.02915358564887934,
   0.03866180063745962,
   0.01542239950541841,
   0.13757773031603365,
   0.06524134434307731
  ],
  [
   0.018740838086163395,
   0.03967347979743614,
   0.04515973414525463,
   0.059613725803170495,
   0.05466666368941831,
   0.0461406946048821,
   0.11697934545162733,
   0.021116553184695176,
   0.05056270732920174,
   0.09364805143866405,
   0.015280533952556553,
   0.02187280480717014,
   0.03823963326968648,
   0.023153285464201864,
   0.05549291171972071,
   0.02713377479601847,
   0.035723989112842656,
   0.01347363224349111,
   0.1497270252598191,
   0.07360061584397956
  ],
  [
   0.02026046928284307,
   0.03963623732330923,
   0.045627891396442244,
   0.0577317696098375,
   0.05579561982739,
   0.05033171747931178,
   0.12414503023974696,
   0.022878285138457313,
   0.05230617637922409,
   0.09077945195014271,
   0.01544784529818131,
   0.024072709152806127,
   0.04020544897245866,
   0.024163522142612668,
   0.05373070779666368,
   0.0235387264032607,
   0.038271784437009494,
   0.014302459605053332,
   0.14450904750384982,
   0.062265100061399306
  ],
  [
   0.021446905000114626,
   0.039490822977744255,
   0.04841353839013247,
   0.06287394458801741,
   0.05494567945605102,
   0.04571876189096905,
   0.12455125855236039,
   0.024313762028198977,
   0.04648817939950749,
   0.08938206323432601,
   0.015203070098180447,
   0.023023069090514183,
   0.03661358232790815,
   0.02558086207272071,
   0.056358849928499176,
   0.028774643848605164,
   0.0360132704111616,
   0.013217590418271424,
   0.1428591192783371,
   0.06473102700838032
  ],
  [
   0.01956338480633018,
   0.037647573035425645,
   0.04391947667435797,
   0.06395118446570207,
   0.05607239128369928,
   0.04739581436415625,
   0.12451713283688404,
   0.02416081038100467,
   0.051201541598818394,
   0.09580419182007832,
   0.015846445986163644,
   0.021657332233780986,
   0.03831775786706232,
   0.024544678286634827,
   0.054450627313529294,
   0.02681106518763148,
   0.036867176056241825,
   0.012296453578725651,
   0.13694197861174456,
   0.06803298361202861
  ],
  [
   0.01950568301162153,
   0.039957128146712574,
   0.04720831085836713,
   0.06322147977867286,
   0.057757301902075606,
   0.05109249620027308,
   0.1207401506187067,
   0.020380936119349973,
   0.05098931422894335,
   0.08847160149229304,
   0.015230607956531323,
   0.021654371822517,
   0.03914229706551006,
   0.025030578530848023,
   0.05707899666609566,
   0.031003346812567847,
   0.03677860200454156,
   0.012672875844960527,
   0.13429825295255443,
   0.06778566798685774
  ]
 ],
 "first_prediction": "2008-01-14",
 "ic_by_year": {
  "2008": 0.039040493539729236,
  "2009": -0.1326545711835707,
  "2010": 0.00023707366961225662,
  "2011": 0.08795569034687457,
  "2012": -0.06065681079975204,
  "2013": -0.07181923287136802,
  "2014": 0.03054710319612894,
  "2015": 0.03886268864607133,
  "2016": -0.013287151422690968,
  "2017": -0.01879416997934363,
  "2018": 0.06460303150827496,
  "2019": 0.04092530551691297,
  "2020": 0.008212208964302588,
  "2021": -0.010245473552701648,
  "2022": 0.031550015900737166,
  "2023": -0.007275023700751919,
  "2024": 0.019048923330416884,
  "2025": 0.0033173379263089723
 },
 "ic_overall_mean": 0.002423039441959057,
 "ic_overall_t": 0.5157831834188447
}