{
 "spec": "lrank",
 "features": [
  "ret_21",
  "ret_63",
  "ret_126",
  "ret_252",
  "mom_12_1",
  "dist_high_252",
  "days_since_high_252",
  "vol_20",
  "vol_60",
  "vol_120",
  "vol_ratio_20_60",
  "vol_ratio_20_120",
  "up_share_63",
  "max_ret_21",
  "skew_60",
  "volm_ratio_20_120",
  "updown_volm_63",
  "range_contr_10_60",
  "beta_252",
  "idio_mom_252"
 ],
 "lgbm_params": {
  "objective": "regression",
  "n_estimators": 400,
  "learning_rate": 0.05,
  "num_leaves": 31,
  "min_child_samples": 200,
  "colsample_bytree": 0.8,
  "subsample": 1.0,
  "n_jobs": 1,
  "random_state": 7,
  "verbose": -1
 },
 "fit_dates": [
  "2008-01-11",
  "2008-07-14",
  "2009-01-12",
  "2009-07-14",
  "2010-01-12",
  "2010-07-14",
  "2011-01-11",
  "2011-07-13",
  "2012-01-11",
  "2012-07-12",
  "2013-01-14",
  "2013-07-16",
  "2014-01-14",
  "2014-07-16",
  "2015-01-14",
  "2015-07-16",
  "2016-01-14",
  "2016-07-15",
  "2017-01-13",
  "2017-07-17",
  "2018-01-16",
  "2018-07-17",
  "2019-01-16",
  "2019-07-18",
  "2020-01-16",
  "2020-07-17",
  "2021-01-15",
  "2021-07-19",
  "2022-01-14",
  "2022-07-19",
  "2023-01-18",
  "2023-07-20",
  "2024-01-19",
  "2024-07-22",
  "2025-01-22",
  "2025-07-24",
  "2026-01-23"
 ],
 "importances_gain_share": [
  [
   0.024405822789627846,
   0.03873182801070231,
   0.05280933879627244,
   0.042472541121420224,
   0.04075559473921636,
   0.03706764858025434,
   0.06398097128343376,
   0.040897491467058414,
   0.06588787106381781,
   0.22592561705106998,
   0.0175195740880789,
   0.023567079341881868,
   0.03107245353834957,
   0.02511956568581761,
   0.05491482112531598,
   0.034748324468938246,
   0.035388181285759296,
   0.01848975363643325,
   0.07923328730740202,
   0.04701223461914975
  ],
  [
   0.024687673841039277,
   0.039650832557740406,
   0.0492013169244224,
   0.03944093432456698,
   0.039125846500385204,
   0.039061917156070075,
   0.0667908519293422,
   0.04387318437045584,
   0.05695151824629976,
   0.2310754522212874,
   0.019352841959962484,
   0.03122204243228755,
   0.04075060670059937,
   0.02530221740109398,
   0.050513670383896064,
   0.035095286572067175,
   0.038990344985426466,
   0.01733787515613898,
   0.06904126571187989,
   0.0425343206250385
  ],
  [
   0.023550941759831617,
   0.04322863658002102,
   0.05172722139354709,
   0.042630941630537295,
   0.04030974843067609,
   0.039781186192905195,
   0.06591822641511728,
   0.034676323879423154,
   0.05613787522476222,
   0.18664629791339768,
   0.01957537465980246,
   0.027636793467204372,
   0.03604990526394296,
   0.026817657807753435,
   0.045621374409209985,
   0.03186296140701284,
   0.04094085525481182,
   0.01911557263605226,
   0.11400169605224458,
   0.053770409621746645
  ],
  [
   0.019908759592473988,
   0.03783855249673423,
   0.061491582341784146,
   0.04019192359215817,
   0.04258450860102283,
   0.04075522610393584,
   0.08273152119482861,
   0.03076819492676414,
   0.05032689370731907,
   0.15977316380914064,
   0.017631322242682858,
   0.02627567269632329,
   0.03726639423860584,
   0.02704731203371852,
   0.048437698497928984,
   0.039481681520446316,
   0.03697332754522126,
   0.016999925239552394,
   0.10638801226032425,
   0.07712832735903463
  ],
  [
   0.01833439671006965,
   0.03485259416290965,
   0.04670143350256625,
   0.045240267502796305,
   0.04440429772560925,
   0.04855650976509251,
   0.10755840932949104,
   0.038998520411137515,
   0.04799123954905181,
   0.161922192582892,
   0.017221144565279154,
   0.02614146734292582,
   0.035531963819653595,
   0.02604968632113159,
   0.043401013318143104,
   0.030838786714494797,
   0.03238201571681344,
   0.015950646841268366,
   0.08659296112250774,
   0.09133045299616643
  ],
  [
   0.01931859617575085,
   0.036222178562476386,
   0.04720477188846166,
   0.041277582488369643,
   0.03873302855331107,
   0.04709192195149441,
   0.09230183129098671,
   0.0406676808341418,
   0.05005699461770405,
   0.19966188724363726,
   0.018199268596954345,
   0.024539056217981154,
   0.03448033840171608,
   0.02413320077325895,
   0.04174795504598414,
   0.0320833112401992,
   0.04318993972031575,
   0.017527365584771606,
   0.07362376889476056,
   0.07793932191772437
  ],
  [
   0.02067757192851553,
   0.03815738968215347,
   0.04727416733035464,
   0.039931523688359546,
   0.0370933150752974,
   0.05507748147629989,
   0.10538250853193938,
   0.03879125029009657,
   0.051549905760342137,
   0.20030695101366836,
   0.020678803495428055,
   0.025411455893450223,
   0.030658833615530786,
   0.025807490292801667,
   0.041374022112680375,
   0.031326688436608935,
   0.03181310264478008,
   0.01708908148525712,
   0.07836051635843976,
   0.06323794088799606
  ],
  [
   0.017468464303695773,
   0.03093325808069244,
   0.048568911950939285,
   0.04095831757806019,
   0.0338072072831061,
   0.04662990112406266,
   0.08320137499272649,
   0.04325813586543421,
   0.05385632599097961,
   0.23714736108570894,
   0.016198729324555752,
   0.02305680348064397,
   0.028401291831979144,
   0.02380812575852876,
   0.04836686565619916,
   0.027371756576369814,
   0.028798739347065196,
   0.016249873638025603,
   0.09106284279113896,
   0.06085571334008796
  ],
  [
   0.0173810186168491,
   0.0369701249888059,
   0.04665080310230057,
   0.04936498593910528,
   0.033057165178259275,
   0.04673273839757117,
   0.09769789791024863,
   0.03581696512790865,
   0.05446884425352025,
   0.1968679140728472,
   0.017758014858692113,
   0.023912869232476947,
   0.03211688890632813,
   0.021714632468024308,
   0.04492504634589443,
   0.02682972543066275,
   0.03081594194151615,
   0.017900297825921056,
   0.0960827579805469,
   0.0729353674225212
  ],
  [
   0.020239682830526084,
   0.03664369242763185,
   0.04060070544957739,
   0.04733954116212646,
   0.03818781389188453,
   0.04011390735561328,
   0.07732309399379246,
   0.04236858537703764,
   0.055094153253913036,
   0.19944336796897552,
   0.01626975193911305,
   0.024339981305024554,
   0.03494713332300049,
   0.021868824522135198,
   0.04689809537816791,
   0.048905739832443354,
   0.03567380689931941,
   0.01773911610147812,
   0.09321831223402782,
   0.06278469475421185
  ],
  [
   0.018047775716496076,
   0.034628147900240984,
   0.04600123409401487,
   0.044565835113451205,
   0.03750062476858563,
   0.04491028291942879,
   0.08011598984541662,
   0.04150241533420196,
   0.06322904085038933,
   0.22382699679754828,
   0.014559236213442937,
   0.023285189196148526,
   0.030302512735508047,
   0.021565651214057974,
   0.043871482547766155,
   0.026192967749372006,
   0.03697657814312526,
   0.017599524150293786,
   0.09407560778332644,
   0.05724290692718514
  ],
  [
   0.01646214830243015,
   0.03687058531813338,
   0.05015278642963787,
   0.04225444817736788,
   0.03683617249761953,
   0.04553924065840041,
   0.07909739754064991,
   0.03475671467366027,
   0.05293813047570515,
   0.19956856284937793,
   0.014010692400722512,
   0.02262298552706947,
   0.03312154373513591,
   0.023685463886789652,
   0.047165548312267117,
   0.02968684617765174,
   0.04002817741464765,
   0.015015623101992344,
   0.10513336922094187,
   0.07505356329979924
  ],
  [
   0.017495898766721377,
   0.032654032017710666,
   0.04667731826632863,
   0.0414948281258496,
   0.0382155052715382,
   0.043195327411793986,
   0.10703762265845526,
   0.03486204251092894,
   0.05622796865921363,
   0.18855042288438334,
   0.015377845049430808,
   0.021294534932975378,
   0.03276586746253689,
   0.020743173698475517,
   0.04965358565295404,
   0.030204310863910063,
   0.033907107902964424,
   0.015282048788458258,
   0.09862489938795964,
   0.07573565968741136
  ],
  [
   0.017295419079276682,
   0.03714060906591888,
   0.03878847226274756,
   0.04079043110714148,
   0.031295261455608445,
   0.046705579761716964,
   0.08858711670396825,
   0.034352975798412774,
   0.05748593318013496,
   0.20210889432460538,
   0.017560148000318694,
   0.025455570913966098,
   0.03175718417754881,
   0.023343166160161088,
   0.04546650724381933,
   0.027522110861752908,
   0.03903100337823379,
   0.016905743635630632,
   0.09392696370033009,
   0.0844809091887072
  ],
  [
   0.019681148635364736,
   0.03415651839718338,
   0.04093468374734196,
   0.04410438196186694,
   0.03827467366761781,
   0.04738845966727045,
   0.08394127229880323,
   0.03600693644584878,
   0.06368681906505815,
   0.19212336351054024,
   0.016604370206899328,
   0.022041329838885307,
   0.027466449147002085,
   0.02404987099817141,
   0.05057749455796954,
   0.02741264461608746,
   0.039511611050873856,
   0.01624014341942434,
   0.11217403468594399,
   0.06362379408184701
  ],
  [
   0.0192863268806657,
   0.030811718839210772,
   0.04013717716597421,
   0.03640374480851295,
   0.03900995884027809,
   0.04115211993264181,
   0.08519118626873388,
   0.036931493916004636,
   0.05468682154797593,
   0.21218104177075253,
   0.019637076573765226,
   0.02477509568772946,
   0.02779371556564739,
   0.02075964229847518,
   0.05574021561424891,
   0.025834936418522848,
   0.037493155854512836,
   0.015998875372144304,
   0.1190583198852886,
   0.05711737675891471
  ],
  [
   0.015579172474705631,
   0.033891260590315046,
   0.041679040970199796,
   0.036734253290778514,
   0.03438033161202576,
   0.04225854094097614,
   0.07174815324276008,
   0.03684940267327532,
   0.05378520208112322,
   0.24349156319146098,
   0.01796620952032484,
   0.027372275842824888,
   0.028143703204214554,
   0.022070635344025855,
   0.045753765614165276,
   0.036079676552458015,
   0.03648366187049359,
   0.01722486605072144,
   0.11021462072633374,
   0.04829366420681731
  ],
  [
   0.01803823606934482,
   0.03169119705561901,
   0.041830412577175506,
   0.03970726706599246,
   0.038849738070307976,
   0.048570458270922205,
   0.09521785869694713,
   0.034035305874787786,
   0.05715160723991587,
   0.20433357523128784,
   0.01664074000886131,
   0.02474726766343152,
   0.027960951601739552,
   0.0227554243142471,
   0.047488241702147854,
   0.03213259624187651,
   0.036312341339502875,
   0.015359863145193187,
   0.1083955398716481,
   0.058781377959051404
  ],
  [
   0.013177775548423936,
   0.032657815922073084,
   0.038167808206990256,
   0.03769784544595376,
   0.040103068541147584,
   0.050372560232759184,
   0.08967379063049638,
   0.03773839776427461,
   0.057388838939636665,
   0.21465288582813571,
   0.014787883791547666,
   0.027559930503538898,
   0.030171850960799284,
   0.0218235610939144,
   0.048377344003291,
   0.030993213421529584,
   0.03138943289600353,
   0.013345593341558756,
   0.111621175066563,
   0.0582992278613627
  ],
  [
   0.01552363092056717,
   0.03207943897679295,
   0.03841368137571491,
   0.040697420561465046,
   0.0370370143830309,
   0.04584569963291615,
   0.09255379710067417,
   0.03550766364031938,
   0.0567398318267098,
   0.21361771910900568,
   0.01668493796556677,
   0.027863620097100708,
   0.02806598706598437,
   0.021378340304531705,
   0.049074012452674884,
   0.031112838814540855,
   0.0344101958779292,
   0.013812678891423213,
   0.10961127803804856,
   0.05997021296500359
  ],
  [
   0.016155137025767766,
   0.03521718667646104,
   0.05094527869722561,
   0.03995900329418324,
   0.03742257254898937,
   0.0439560986437272,
   0.07900450521829688,
   0.038078053685065706,
   0.06130405721181326,
   0.21575561198884827,
   0.017059628789484946,
   0.02305786879888141,
   0.030037491754128547,
   0.022497921138751313,
   0.05086097091196588,
   0.029915902039049504,
   0.03547552152739387,
   0.013775611403053792,
   0.10159122572769262,
   0.057930352919219774
  ],
  [
   0.017492480205588645,
   0.03467156835437875,
   0.040243463327980566,
   0.0357706779743732,
   0.03613520696502485,
   0.04113544477390636,
   0.08698595066968064,
   0.03249545972751115,
   0.06889707970937044,
   0.21887699601053281,
   0.015350565012526634,
   0.027265304653631316,
   0.03327472373455833,
   0.02472555672810774,
   0.050427723498326735,
   0.02391211276204841,
   0.03369354551684925,
   0.016372873750861924,
   0.10224878684730228,
   0.06002447977743997
  ],
  [
   0.017518653764692412,
   0.03304921300097781,
   0.04016507986158806,
   0.03441994132257237,
   0.03137838750515925,
   0.04280045136281173,
   0.08457590711678692,
   0.03833358098619096,
   0.061200032692118225,
   0.2431776894254412,
   0.016771726731679714,
   0.028373152084520653,
   0.03155258925927945,
   0.021649794015796624,
   0.047668319101176485,
   0.028579190593829133,
   0.03598649407997989,
   0.017313301595317358,
   0.0997958059878065,
   0.045690689512275236
  ],
  [
   0.017138609402170164,
   0.03410853311693003,
   0.041910398549563174,
   0.039132118901771526,
   0.032711607589021266,
   0.0411560635843629,
   0.08978238043814558,
   0.035361600720596485,
   0.054671365507050894,
   0.21037022119356383,
   0.016849139210403256,
   0.027110829327036127,
   0.02934154961391635,
   0.023273058290010654,
   0.044827877691842245,
   0.029437656365371857,
   0.033257607698588196,
   0.015041504600579802,
   0.1086947431407829,
   0.07582313505829276
  ],
  [
   0.0180806093915451,
   0.03240299692800452,
   0.04530091690596508,
   0.0379547053878879,
   0.04241887242528181,
   0.03752779881166841,
   0.07658986270839976,
   0.03802622413705872,
   0.05669517353925386,
   0.22525329799665772,
   0.015745944115370936,
   0.024720144009856605,
   0.033677136470763716,
   0.021401469659480647,
   0.04575320654101836,
   0.028268752226230886,
   0.036732974367480485,
   0.01473143775059741,
   0.11220449770995554,
   0.05651397891752254
  ],
  [
   0.01881891138668798,
   0.033188935982068256,
   0.04047493204250724,
   0.03341158824444692,
   0.03670032605209424,
   0.03667391955021401,
   0.08738097799762028,
   0.03206035480068071,
   0.05733666610750006,
   0.22028460014830173,
   0.017214531722076935,
   0.031190636298128294,
   0.03128077832749558,
   0.020744647844124886,
   0.044964398855280835,
   0.030132321427746526,
   0.03400964151510609,
   0.01432179951274876,
   0.12680010646121231,
   0.05300992572395836
  ],
  [
   0.018946772120829205,
   0.032429215997981195,
   0.0437194521305188,
   0.03699712878995,
   0.03785189830606245,
   0.04259761504871821,
   0.08240006276719125,
   0.033877686709534977,
   0.053819435041583805,
   0.2184342672998972,
   0.01695408129162538,
   0.026178831855117993,
   0.03164376394503481,
   0.02178996991001149,
   0.052808357712202644,
   0.028387660587076945,
   0.03295232155278958,
   0.016427769471768792,
   0.10942706634533166,
   0.06235664311677361
  ],
  [
   0.017992733049566785,
   0.030943362154846797,
   0.038282965881194675,
   0.034091085328083165,
   0.044464464910288035,
   0.042502263356535785,
   0.08288946927397528,
   0.03970139335534535,
   0.06043251388819216,
   0.24974761662157288,
   0.014661911208219981,
   0.025968710448092455,
   0.02874611488394942,
   0.022297730315926606,
   0.047533742300876924,
   0.029426758023130866,
   0.03406530928119714,
   0.013351350370286404,
   0.09367039389419268,
   0.049230111454526604
  ],
  [
   0.02013014376070802,
   0.03357934108498942,
   0.04200871762219385,
   0.03356201701051633,
   0.041243840907919924,
   0.03695656387749141,
   0.07965556474041478,
   0.03706418788682199,
   0.05944655698471078,
   0.24267067142798518,
   0.016073394747415346,
   0.024603574032358255,
   0.02923943628027973,
   0.022530474887409634,
   0.045716286420687174,
   0.03184610243164821,
   0.03203909450542595,
   0.014045760924075315,
   0.10675631776345668,
   0.05083195270349203
  ],
  [
   0.021710891175322395,
   0.031534099175460094,
   0.03618948517109871,
   0.03356347217270914,
   0.033062895315528355,
   0.038213809985338826,
   0.07868525281421887,
   0.03591885086845173,
   0.05831671028660025,
   0.2539278659672406,
   0.01675393731703799,
   0.028073642120985065,
   0.03145132613487906,
   0.02196686568427947,
   0.047751259982838086,
   0.03286012351695594,
   0.0365811814936842,
   0.017093040082848607,
   0.09950148638175914,
   0.046843804352763474
  ],
  [
   0.019604004547250854,
   0.03451061467495499,
   0.03990196636787573,
   0.03627674715896073,
   0.03592345520738359,
   0.04271535324561815,
   0.0795818066694378,
   0.03583584673276427,
   0.06177486080499082,
   0.2409094729087154,
   0.018598277839550436,
   0.02539059840345996,
   0.028860797228917205,
   0.021879244678341778,
   0.047362956802816686,
   0.03106096327905966,
   0.035196415396216756,
   0.01696127282036795,
   0.10135891819698074,
   0.046296427036336525
  ],
  [
   0.01804545855991173,
   0.03246772917287237,
   0.035268491006715925,
   0.03756226190055145,
   0.03917491038363538,
   0.03783149725878823,
   0.09214395579643758,
   0.0367205417151706,
   0.05890947814570955,
   0.250119528541171,
   0.020077072117121477,
   0.02562244694347696,
   0.029737118631289017,
   0.020505589901571454,
   0.04622742526047589,
   0.03018623630241657,
   0.03451150088296881,
   0.01752184986031502,
   0.08946568109854157,
   0.047901226520859416
  ],
  [
   0.019608826387007772,
   0.03264756642844822,
   0.03625922466151546,
   0.03503840468759272,
   0.03706993238139792,
   0.04060660637563149,
   0.08175039457145931,
   0.03915012362694067,
   0.062464804138616284,
   0.2540558628908652,
   0.01727481641807605,
   0.02376586545611155,
   0.026983488296468006,
   0.020828814493585014,
   0.04263524919812671,
   0.028920554460079524,
   0.03453973941995498,
   0.01858455780807705,
   0.09941264309071246,
   0.04840252520933361
  ],
  [
   0.019138463130583504,
   0.029346987269785976,
   0.037677732225173385,
   0.038195759805855586,
   0.05050764407649097,
   0.04247957164852308,
   0.0809075396806433,
   0.03534696912801876,
   0.05666292256287279,
   0.2381597982922222,
   0.01627605645557906,
   0.024761738466450498,
   0.029418703460424557,
   0.021078533856937625,
   0.04510929837503526,
   0.02928828156855976,
   0.03526965301824855,
   0.017618616044180926,
   0.10107765013662144,
   0.05167808079779277
  ],
  [
   0.018514466552478577,
   0.033040458378294064,
   0.039672703948161504,
   0.03679361042251156,
   0.03482892247778026,
   0.038845702344741724,
   0.08024063603285414,
   0.041933181119853835,
   0.061340527763218355,
   0.2449512523539638,
   0.017226522374987775,
   0.023627581411771802,
   0.034325275888902135,
   0.021799915617658955,
   0.04550019197142249,
   0.029243369057919723,
   0.03793553825174342,
   0.017902937608873747,
   0.09414225014364584,
   0.04813495627921628
  ],
  [
   0.01787887856991825,
   0.031006320849844612,
   0.04121309531321685,
   0.0343281603922274,
   0.04277573105535861,
   0.042055599957475,
   0.084615044297685,
   0.042328230476558974,
   0.060497032493033814,
   0.2541381574920845,
   0.016030058151440086,
   0.023318640274539146,
   0.03380558012863278,
   0.02237485498924479,
   0.04159290500688826,
   0.02738909239401034,
   0.03148112575798013,
   0.015492819558997917,
   0.09082542379105002,
   0.046853249049813514
  ],
  [
   0.02093799605723995,
   0.03144026774126006,
   0.03691459764422631,
   0.034053330459762,
   0.037808637557129966,
   0.03819535456960764,
   0.08316453200109615,
   0.041901976497527256,
   0.0676882371770657,
   0.26137091258282735,
   0.015692463774351906,
   0.0231712033656699,
   0.032745398256816174,
   0.020541525523222474,
   0.049116437015753786,
   0.028503607390876876,
   0.030949831668725718,
   0.016812344803802844,
   0.08118347853014507,
   0.04780786738289287
  ]
 ],
 "first_prediction": "2008-01-14",
 "ic_by_year": {
  "2008": -0.10036763463701164,
  "2009": 0.06770108515476866,
  "2010": 0.02438006522306456,
  "2011": -0.1370524789821007,
  "2012": -0.0075981261961274695,
  "2013": 0.03537122011677357,
  "2014": -0.023568910071332425,
  "2015": -0.16041751836023915,
  "2016": 0.07381769238188143,
  "2017": -0.03985090800165767,
  "2018": -0.05946869604845564,
  "2019": -0.09478038748424447,
  "2020": 0.32143387410781726,
  "2021": -0.0735572992804627,
  "2022": -0.0072291488064843866,
  "2023": 0.027346814539352553,
  "2024": -0.12202766879306536,
  "2025": 0.11124571731715462
 },
 "ic_overall_mean": -0.009518202906153655,
 "ic_overall_t": -1.1737293951467531
}